# Whack-O-Meter CSV Manager v1
# Original samples: 50000
# Samples/sec: 50000
# Prefix trimmed: 0.00000 - 0.69446 sec
# Suffix trimmed: 0.78396 - 0.99998 sec
# Event start: 0.69446 sec
# Event end: 0.78396 sec
# Baseline (N): 21.8
# Nickname: 6mmeva · 11.0kN peak · slow decay
Loadstar Sensors LV-1000HS-10K - Log File
Sensor:,Whackometer 2-0
Samples/Sec:,50000
Test started at (approx):,5/1/2024 7:20 PM
Peak(N):,10960.1
Low(N):,-2077.4
Time (sec),Reading (N) (Whackometer 2-0)
0.69446,-5.8
0.69448,21.8
0.69450,-5.8
0.69452,21.8
0.69454,21.8
0.69456,21.8
0.69458,21.8
0.69460,21.8
0.69462,21.8
0.69464,21.8
0.69466,21.8
0.69468,-5.8
0.69470,21.8
0.69472,21.8
0.69474,21.8
0.69476,21.8
0.69478,21.8
0.69480,21.8
0.69482,21.8
0.69484,-5.8
0.69486,21.8
0.69488,21.8
0.69490,21.8
0.69492,21.8
0.69494,-5.8
0.69496,-5.8
0.69498,21.8
0.69500,21.8
0.69502,21.8
0.69504,21.8
0.69506,21.8
0.69508,21.8
0.69510,21.8
0.69512,21.8
0.69514,21.8
0.69516,21.8
0.69518,21.8
0.69520,21.8
0.69522,21.8
0.69524,-5.8
0.69526,-5.8
0.69528,-5.8
0.69530,21.8
0.69532,-5.8
0.69534,21.8
0.69536,21.8
0.69538,21.8
0.69540,21.8
0.69542,21.8
0.69544,21.8
0.69546,21.8
0.69548,21.8
0.69550,21.8
0.69552,21.8
0.69554,21.8
0.69556,21.8
0.69558,21.8
0.69560,21.8
0.69562,21.8
0.69564,21.8
0.69566,21.8
0.69568,21.8
0.69570,21.8
0.69572,21.8
0.69574,21.8
0.69576,21.8
0.69578,21.8
0.69580,21.8
0.69582,21.8
0.69584,21.8
0.69586,21.8
0.69588,21.8
0.69590,21.8
0.69592,21.8
0.69594,21.8
0.69596,21.8
0.69598,21.8
0.69600,21.8
0.69602,21.8
0.69604,21.8
0.69606,21.8
0.69608,21.8
0.69610,21.8
0.69612,21.8
0.69614,104.7
0.69616,353.3
0.69618,988.6
0.69620,1789.6
0.69622,2563.0
0.69624,3308.8
0.69626,3861.3
0.69628,4220.4
0.69630,4524.2
0.69632,4662.3
0.69634,4772.8
0.69636,4634.7
0.69638,4330.8
0.69640,4109.9
0.69642,3999.4
0.69644,3999.4
0.69646,4468.9
0.69648,5518.6
0.69650,6623.5
0.69652,7535.0
0.69654,8391.3
0.69656,9192.3
0.69658,9965.7
0.69660,10407.7
0.69662,10711.5
0.69664,10960.1
0.69666,10932.5
0.69668,10380.0
0.69670,9413.3
0.69672,8418.9
0.69674,7396.9
0.69676,6513.0
0.69678,5767.2
0.69680,5656.7
0.69682,5518.6
0.69684,5297.6
0.69686,5214.7
0.69688,5297.6
0.69690,5214.7
0.69692,5104.3
0.69694,5297.6
0.69696,5435.7
0.69698,5214.7
0.69700,4772.8
0.69702,4303.2
0.69704,3557.4
0.69706,2949.7
0.69708,2535.4
0.69710,2424.9
0.69712,2314.4
0.69714,2342.1
0.69716,2231.6
0.69718,2010.6
0.69720,1651.5
0.69722,1320.1
0.69724,1099.1
0.69726,1320.1
0.69728,1762.0
0.69730,2342.1
0.69732,2645.9
0.69734,2535.4
0.69736,2231.6
0.69738,1789.6
0.69740,1320.1
0.69742,905.7
0.69744,574.3
0.69746,574.3
0.69748,767.6
0.69750,795.2
0.69752,684.7
0.69754,574.3
0.69756,463.8
0.69758,353.3
0.69760,463.8
0.69762,905.7
0.69764,1237.2
0.69766,1320.1
0.69768,1320.1
0.69770,1430.5
0.69772,1458.2
0.69774,1430.5
0.69776,1237.2
0.69778,1126.7
0.69780,1126.7
0.69782,1016.2
0.69784,878.1
0.69786,795.2
0.69788,574.3
0.69790,436.2
0.69792,215.2
0.69794,21.8
0.69796,-337.3
0.69798,-641.1
0.69800,-668.7
0.69802,-420.1
0.69804,-5.8
0.69806,242.8
0.69808,325.7
0.69810,463.8
0.69812,546.6
0.69814,325.7
0.69816,21.8
0.69818,21.8
0.69820,21.8
0.69822,-309.6
0.69824,-530.6
0.69826,-447.8
0.69828,-558.2
0.69830,-972.6
0.69832,-1083.1
0.69834,-1000.2
0.69836,-1414.5
0.69838,-1635.5
0.69840,-1193.5
0.69842,-447.8
0.69844,-226.8
0.69846,-309.6
0.69848,-309.6
0.69850,-116.3
0.69852,-420.1
0.69854,-751.6
0.69856,-641.1
0.69858,-779.2
0.69860,-972.6
0.69862,-1331.7
0.69864,-1856.5
0.69866,-1856.5
0.69868,-1773.6
0.69870,-2077.4
0.69872,-1635.5
0.69874,-1110.7
0.69876,-972.6
0.69878,-972.6
0.69880,-364.9
0.69882,104.7
0.69884,-199.2
0.69886,-199.2
0.69888,21.8
0.69890,242.8
0.69892,-5.8
0.69894,-420.1
0.69896,-309.6
0.69898,-337.3
0.69900,-889.7
0.69902,-1083.1
0.69904,-862.1
0.69906,-889.7
0.69908,-1083.1
0.69910,-779.2
0.69912,-88.7
0.69914,242.8
0.69916,463.8
0.69918,1016.2
0.69920,1762.0
0.69922,1900.1
0.69924,1679.1
0.69926,1651.5
0.69928,1651.5
0.69930,1347.7
0.69932,1016.2
0.69934,657.1
0.69936,380.9
0.69938,-5.8
0.69940,-337.3
0.69942,-337.3
0.69944,-199.2
0.69946,-88.7
0.69948,215.2
0.69950,767.6
0.69952,1126.7
0.69954,1237.2
0.69956,1347.7
0.69958,1458.2
0.69960,1347.7
0.69962,1126.7
0.69964,1016.2
0.69966,988.6
0.69968,684.7
0.69970,242.8
0.69972,-88.7
0.69974,-309.6
0.69976,-668.7
0.69978,-1083.1
0.69980,-1193.5
0.69982,-1083.1
0.69984,-1000.2
0.69986,-972.6
0.69988,-779.2
0.69990,-447.8
0.69992,-309.6
0.69994,-226.8
0.69996,-88.7
0.69998,132.3
0.70000,104.7
0.70002,-199.2
0.70004,-447.8
0.70006,-668.7
0.70008,-1000.2
0.70010,-1442.1
0.70012,-1773.6
0.70014,-1884.1
0.70016,-1994.6
0.70018,-1994.6
0.70020,-1773.6
0.70022,-1525.0
0.70024,-1221.2
0.70026,-862.1
0.70028,-337.3
0.70030,-5.8
0.70032,132.3
0.70034,325.7
0.70036,353.3
0.70038,132.3
0.70040,-116.3
0.70042,-337.3
0.70044,-558.2
0.70046,-751.6
0.70048,-889.7
0.70050,-862.1
0.70052,-751.6
0.70054,-558.2
0.70056,-309.6
0.70058,21.8
0.70060,353.3
0.70062,657.1
0.70064,905.7
0.70066,1237.2
0.70068,1430.5
0.70070,1458.2
0.70072,1430.5
0.70074,1430.5
0.70076,1320.1
0.70078,1099.1
0.70080,878.1
0.70082,574.3
0.70084,325.7
0.70086,21.8
0.70088,-116.3
0.70090,-199.2
0.70092,-226.8
0.70094,-199.2
0.70096,-5.8
0.70098,242.8
0.70100,463.8
0.70102,657.1
0.70104,878.1
0.70106,1016.2
0.70108,1016.2
0.70110,878.1
0.70112,574.3
0.70114,215.2
0.70116,-226.8
0.70118,-751.6
0.70120,-1110.7
0.70122,-1414.5
0.70124,-1635.5
0.70126,-1663.1
0.70128,-1635.5
0.70130,-1414.5
0.70132,-1304.0
0.70134,-1000.2
0.70136,-751.6
0.70138,-337.3
0.70140,-116.3
0.70142,-5.8
0.70144,-5.8
0.70146,-116.3
0.70148,-337.3
0.70150,-641.1
0.70152,-862.1
0.70154,-1083.1
0.70156,-1193.5
0.70158,-1221.2
0.70160,-1331.7
0.70162,-1193.5
0.70164,-1083.1
0.70166,-889.7
0.70168,-696.3
0.70170,-447.8
0.70172,-199.2
0.70174,104.7
0.70176,325.7
0.70178,463.8
0.70180,574.3
0.70182,657.1
0.70184,657.1
0.70186,574.3
0.70188,546.6
0.70190,463.8
0.70192,242.8
0.70194,21.8
0.70196,-88.7
0.70198,-88.7
0.70200,-88.7
0.70202,-116.3
0.70204,21.8
0.70206,325.7
0.70208,546.6
0.70210,795.2
0.70212,1016.2
0.70214,1237.2
0.70216,1347.7
0.70218,1347.7
0.70220,1320.1
0.70222,1099.1
0.70224,767.6
0.70226,353.3
0.70228,21.8
0.70230,-254.4
0.70232,-530.6
0.70234,-641.1
0.70236,-530.6
0.70238,-337.3
0.70240,-226.8
0.70242,-116.3
0.70244,104.7
0.70246,325.7
0.70248,353.3
0.70250,353.3
0.70252,436.2
0.70254,436.2
0.70256,242.8
0.70258,104.7
0.70260,-116.3
0.70262,-337.3
0.70264,-558.2
0.70266,-751.6
0.70268,-779.2
0.70270,-862.1
0.70272,-889.7
0.70274,-862.1
0.70276,-751.6
0.70278,-641.1
0.70280,-641.1
0.70282,-447.8
0.70284,-309.6
0.70286,-199.2
0.70288,-88.7
0.70290,21.8
0.70292,21.8
0.70294,-5.8
0.70296,-88.7
0.70298,-199.2
0.70300,-309.6
0.70302,-447.8
0.70304,-530.6
0.70306,-558.2
0.70308,-641.1
0.70310,-641.1
0.70312,-447.8
0.70314,-309.6
0.70316,-226.8
0.70318,-88.7
0.70320,104.7
0.70322,242.8
0.70324,436.2
0.70326,574.3
0.70328,684.7
0.70330,657.1
0.70332,657.1
0.70334,684.7
0.70336,574.3
0.70338,546.6
0.70340,463.8
0.70342,463.8
0.70344,353.3
0.70346,353.3
0.70348,436.2
0.70350,546.6
0.70352,767.6
0.70354,988.6
0.70356,1181.9
0.70358,1320.1
0.70360,1320.1
0.70362,1430.5
0.70364,1430.5
0.70366,1458.2
0.70368,1458.2
0.70370,1541.0
0.70372,1458.2
0.70374,1347.7
0.70376,1237.2
0.70378,1209.6
0.70380,1126.7
0.70382,1016.2
0.70384,988.6
0.70386,905.7
0.70388,767.6
0.70390,546.6
0.70392,436.2
0.70394,436.2
0.70396,353.3
0.70398,436.2
0.70400,546.6
0.70402,574.3
0.70404,574.3
0.70406,546.6
0.70408,463.8
0.70410,353.3
0.70412,242.8
0.70414,215.2
0.70416,215.2
0.70418,132.3
0.70420,-5.8
0.70422,-116.3
0.70424,-199.2
0.70426,-226.8
0.70428,-226.8
0.70430,-116.3
0.70432,-88.7
0.70434,-88.7
0.70436,-88.7
0.70438,-88.7
0.70440,-116.3
0.70442,-88.7
0.70444,-5.8
0.70446,-88.7
0.70448,-116.3
0.70450,-226.8
0.70452,-337.3
0.70454,-530.6
0.70456,-668.7
0.70458,-779.2
0.70460,-779.2
0.70462,-779.2
0.70464,-889.7
0.70466,-889.7
0.70468,-779.2
0.70470,-668.7
0.70472,-641.1
0.70474,-558.2
0.70476,-530.6
0.70478,-503.0
0.70480,-558.2
0.70482,-558.2
0.70484,-641.1
0.70486,-641.1
0.70488,-751.6
0.70490,-779.2
0.70492,-862.1
0.70494,-889.7
0.70496,-972.6
0.70498,-1000.2
0.70500,-1000.2
0.70502,-1000.2
0.70504,-1000.2
0.70506,-889.7
0.70508,-779.2
0.70510,-751.6
0.70512,-668.7
0.70514,-641.1
0.70516,-558.2
0.70518,-530.6
0.70520,-530.6
0.70522,-447.8
0.70524,-447.8
0.70526,-447.8
0.70528,-447.8
0.70530,-530.6
0.70532,-558.2
0.70534,-558.2
0.70536,-530.6
0.70538,-503.0
0.70540,-447.8
0.70542,-420.1
0.70544,-337.3
0.70546,-309.6
0.70548,-226.8
0.70550,-199.2
0.70552,-116.3
0.70554,-88.7
0.70556,21.8
0.70558,-5.8
0.70560,-88.7
0.70562,-88.7
0.70564,-5.8
0.70566,-88.7
0.70568,-88.7
0.70570,-88.7
0.70572,-88.7
0.70574,-88.7
0.70576,-88.7
0.70578,-5.8
0.70580,21.8
0.70582,104.7
0.70584,132.3
0.70586,215.2
0.70588,215.2
0.70590,215.2
0.70592,215.2
0.70594,242.8
0.70596,242.8
0.70598,242.8
0.70600,215.2
0.70602,215.2
0.70604,215.2
0.70606,242.8
0.70608,242.8
0.70610,325.7
0.70612,242.8
0.70614,325.7
0.70616,325.7
0.70618,325.7
0.70620,325.7
0.70622,325.7
0.70624,353.3
0.70626,353.3
0.70628,436.2
0.70630,325.7
0.70632,353.3
0.70634,325.7
0.70636,325.7
0.70638,242.8
0.70640,325.7
0.70642,325.7
0.70644,242.8
0.70646,325.7
0.70648,298.0
0.70650,242.8
0.70652,242.8
0.70654,242.8
0.70656,215.2
0.70658,132.3
0.70660,132.3
0.70662,215.2
0.70664,215.2
0.70666,242.8
0.70668,242.8
0.70670,242.8
0.70672,215.2
0.70674,215.2
0.70676,242.8
0.70678,215.2
0.70680,132.3
0.70682,132.3
0.70684,132.3
0.70686,132.3
0.70688,132.3
0.70690,104.7
0.70692,21.8
0.70694,21.8
0.70696,-5.8
0.70698,21.8
0.70700,-5.8
0.70702,-88.7
0.70704,-61.0
0.70706,-5.8
0.70708,-88.7
0.70710,-88.7
0.70712,-5.8
0.70714,104.7
0.70716,104.7
0.70718,104.7
0.70720,21.8
0.70722,-5.8
0.70724,-5.8
0.70726,-88.7
0.70728,-5.8
0.70730,-5.8
0.70732,-5.8
0.70734,21.8
0.70736,-88.7
0.70738,-88.7
0.70740,-116.3
0.70742,-199.2
0.70744,-199.2
0.70746,-116.3
0.70748,-116.3
0.70750,-116.3
0.70752,-88.7
0.70754,-116.3
0.70756,-199.2
0.70758,-199.2
0.70760,-116.3
0.70762,-88.7
0.70764,-88.7
0.70766,-88.7
0.70768,-88.7
0.70770,-116.3
0.70772,-226.8
0.70774,-199.2
0.70776,-199.2
0.70778,-116.3
0.70780,-116.3
0.70782,-88.7
0.70784,-116.3
0.70786,-116.3
0.70788,-199.2
0.70790,-226.8
0.70792,-226.8
0.70794,-199.2
0.70796,-199.2
0.70798,-226.8
0.70800,-226.8
0.70802,-226.8
0.70804,-337.3
0.70806,-309.6
0.70808,-199.2
0.70810,-199.2
0.70812,-226.8
0.70814,-226.8
0.70816,-199.2
0.70818,-116.3
0.70820,-116.3
0.70822,-88.7
0.70824,-88.7
0.70826,-199.2
0.70828,-226.8
0.70830,-226.8
0.70832,-226.8
0.70834,-309.6
0.70836,-226.8
0.70838,-226.8
0.70840,-309.6
0.70842,-337.3
0.70844,-337.3
0.70846,-309.6
0.70848,-226.8
0.70850,-226.8
0.70852,-226.8
0.70854,-199.2
0.70856,-199.2
0.70858,-199.2
0.70860,-116.3
0.70862,-88.7
0.70864,-116.3
0.70866,-199.2
0.70868,-199.2
0.70870,-199.2
0.70872,-226.8
0.70874,-309.6
0.70876,-309.6
0.70878,-226.8
0.70880,-226.8
0.70882,-282.0
0.70884,-226.8
0.70886,-226.8
0.70888,-199.2
0.70890,-199.2
0.70892,-116.3
0.70894,-88.7
0.70896,-88.7
0.70898,-116.3
0.70900,-88.7
0.70902,-88.7
0.70904,-88.7
0.70906,-88.7
0.70908,-88.7
0.70910,-88.7
0.70912,-88.7
0.70914,-88.7
0.70916,-88.7
0.70918,-88.7
0.70920,-199.2
0.70922,-226.8
0.70924,-199.2
0.70926,-199.2
0.70928,-199.2
0.70930,-116.3
0.70932,-88.7
0.70934,-88.7
0.70936,-88.7
0.70938,-116.3
0.70940,-116.3
0.70942,-116.3
0.70944,-116.3
0.70946,-88.7
0.70948,-88.7
0.70950,-88.7
0.70952,-88.7
0.70954,-88.7
0.70956,-88.7
0.70958,-199.2
0.70960,-199.2
0.70962,-199.2
0.70964,-199.2
0.70966,-226.8
0.70968,-116.3
0.70970,-88.7
0.70972,-88.7
0.70974,-88.7
0.70976,-116.3
0.70978,-116.3
0.70980,-116.3
0.70982,-116.3
0.70984,-116.3
0.70986,-116.3
0.70988,-88.7
0.70990,-88.7
0.70992,-88.7
0.70994,-88.7
0.70996,-88.7
0.70998,-116.3
0.71000,-116.3
0.71002,-143.9
0.71004,-116.3
0.71006,-116.3
0.71008,-199.2
0.71010,-116.3
0.71012,-88.7
0.71014,-88.7
0.71016,-5.8
0.71018,-88.7
0.71020,-116.3
0.71022,-199.2
0.71024,-199.2
0.71026,-116.3
0.71028,-88.7
0.71030,-5.8
0.71032,21.8
0.71034,21.8
0.71036,-5.8
0.71038,-5.8
0.71040,-88.7
0.71042,-88.7
0.71044,-199.2
0.71046,-226.8
0.71048,-199.2
0.71050,-199.2
0.71052,-116.3
0.71054,-88.7
0.71056,-5.8
0.71058,-5.8
0.71060,-5.8
0.71062,-5.8
0.71064,-5.8
0.71066,-5.8
0.71068,21.8
0.71070,21.8
0.71072,104.7
0.71074,104.7
0.71076,104.7
0.71078,21.8
0.71080,21.8
0.71082,-5.8
0.71084,-88.7
0.71086,-5.8
0.71088,-5.8
0.71090,-5.8
0.71092,21.8
0.71094,21.8
0.71096,21.8
0.71098,-5.8
0.71100,-5.8
0.71102,-5.8
0.71104,-5.8
0.71106,-5.8
0.71108,-5.8
0.71110,-5.8
0.71112,-5.8
0.71114,21.8
0.71116,21.8
0.71118,104.7
0.71120,132.3
0.71122,132.3
0.71124,132.3
0.71126,132.3
0.71128,132.3
0.71130,132.3
0.71132,132.3
0.71134,132.3
0.71136,132.3
0.71138,104.7
0.71140,132.3
0.71142,104.7
0.71144,104.7
0.71146,21.8
0.71148,21.8
0.71150,21.8
0.71152,104.7
0.71154,104.7
0.71156,104.7
0.71158,132.3
0.71160,104.7
0.71162,104.7
0.71164,21.8
0.71166,21.8
0.71168,77.1
0.71170,104.7
0.71172,104.7
0.71174,104.7
0.71176,104.7
0.71178,104.7
0.71180,21.8
0.71182,21.8
0.71184,21.8
0.71186,21.8
0.71188,104.7
0.71190,104.7
0.71192,21.8
0.71194,104.7
0.71196,21.8
0.71198,-5.8
0.71200,-5.8
0.71202,-5.8
0.71204,-88.7
0.71206,-88.7
0.71208,-88.7
0.71210,-88.7
0.71212,-88.7
0.71214,-5.8
0.71216,-5.8
0.71218,21.8
0.71220,21.8
0.71222,21.8
0.71224,-5.8
0.71226,21.8
0.71228,-5.8
0.71230,-5.8
0.71232,-5.8
0.71234,-5.8
0.71236,-5.8
0.71238,-5.8
0.71240,-5.8
0.71242,-5.8
0.71244,-5.8
0.71246,21.8
0.71248,21.8
0.71250,21.8
0.71252,21.8
0.71254,21.8
0.71256,21.8
0.71258,21.8
0.71260,-5.8
0.71262,21.8
0.71264,21.8
0.71266,21.8
0.71268,21.8
0.71270,21.8
0.71272,21.8
0.71274,21.8
0.71276,21.8
0.71278,49.4
0.71280,21.8
0.71282,21.8
0.71284,-5.8
0.71286,-5.8
0.71288,-5.8
0.71290,21.8
0.71292,21.8
0.71294,21.8
0.71296,21.8
0.71298,-5.8
0.71300,-5.8
0.71302,-5.8
0.71304,-88.7
0.71306,-88.7
0.71308,-88.7
0.71310,-88.7
0.71312,-88.7
0.71314,-88.7
0.71316,-88.7
0.71318,-88.7
0.71320,-5.8
0.71322,-5.8
0.71324,-88.7
0.71326,-5.8
0.71328,-5.8
0.71330,-5.8
0.71332,-5.8
0.71334,-5.8
0.71336,21.8
0.71338,-5.8
0.71340,-5.8
0.71342,-5.8
0.71344,-5.8
0.71346,-5.8
0.71348,-5.8
0.71350,-5.8
0.71352,-5.8
0.71354,-5.8
0.71356,-88.7
0.71358,-88.7
0.71360,-88.7
0.71362,-88.7
0.71364,-88.7
0.71366,-88.7
0.71368,-88.7
0.71370,-88.7
0.71372,-88.7
0.71374,-116.3
0.71376,-116.3
0.71378,-88.7
0.71380,-88.7
0.71382,-5.8
0.71384,-5.8
0.71386,-5.8
0.71388,-5.8
0.71390,-88.7
0.71392,-88.7
0.71394,-88.7
0.71396,-116.3
0.71398,-199.2
0.71400,-226.8
0.71402,-199.2
0.71404,-199.2
0.71406,-199.2
0.71408,-88.7
0.71410,-88.7
0.71412,-116.3
0.71414,-116.3
0.71416,-116.3
0.71418,-88.7
0.71420,-116.3
0.71422,-88.7
0.71424,-5.8
0.71426,-5.8
0.71428,-88.7
0.71430,-116.3
0.71432,-116.3
0.71434,-116.3
0.71436,-116.3
0.71438,-88.7
0.71440,-88.7
0.71442,-116.3
0.71444,-309.6
0.71446,-337.3
0.71448,-309.6
0.71450,-337.3
0.71452,-337.3
0.71454,-226.8
0.71456,-116.3
0.71458,-199.2
0.71460,-226.8
0.71462,-199.2
0.71464,-116.3
0.71466,-199.2
0.71468,-199.2
0.71470,-116.3
0.71472,-5.8
0.71474,-88.7
0.71476,-199.2
0.71478,-116.3
0.71480,-199.2
0.71482,-199.2
0.71484,-226.8
0.71486,-199.2
0.71488,-199.2
0.71490,-199.2
0.71492,-226.8
0.71494,-199.2
0.71496,-199.2
0.71498,-199.2
0.71500,-116.3
0.71502,-116.3
0.71504,-199.2
0.71506,-309.6
0.71508,-309.6
0.71510,-226.8
0.71512,-309.6
0.71514,-199.2
0.71516,-88.7
0.71518,-88.7
0.71520,-88.7
0.71522,-116.3
0.71524,-116.3
0.71526,-116.3
0.71528,-199.2
0.71530,-116.3
0.71532,-88.7
0.71534,-88.7
0.71536,-88.7
0.71538,-116.3
0.71540,-199.2
0.71542,-199.2
0.71544,-199.2
0.71546,-199.2
0.71548,-199.2
0.71550,-199.2
0.71552,-199.2
0.71554,-199.2
0.71556,-226.8
0.71558,-116.3
0.71560,-88.7
0.71562,-5.8
0.71564,-5.8
0.71566,-88.7
0.71568,-88.7
0.71570,-88.7
0.71572,-116.3
0.71574,-88.7
0.71576,-5.8
0.71578,-5.8
0.71580,-5.8
0.71582,-88.7
0.71584,-116.3
0.71586,-199.2
0.71588,-199.2
0.71590,-199.2
0.71592,-199.2
0.71594,-199.2
0.71596,-116.3
0.71598,-116.3
0.71600,-116.3
0.71602,-199.2
0.71604,-199.2
0.71606,-199.2
0.71608,-199.2
0.71610,-116.3
0.71612,-116.3
0.71614,-116.3
0.71616,-88.7
0.71618,-88.7
0.71620,-88.7
0.71622,-88.7
0.71624,-88.7
0.71626,-88.7
0.71628,-88.7
0.71630,-116.3
0.71632,-88.7
0.71634,-88.7
0.71636,-116.3
0.71638,-226.8
0.71640,-226.8
0.71642,-226.8
0.71644,-226.8
0.71646,-199.2
0.71648,-199.2
0.71650,-88.7
0.71652,-116.3
0.71654,-116.3
0.71656,-116.3
0.71658,-88.7
0.71660,-88.7
0.71662,-88.7
0.71664,-88.7
0.71666,-88.7
0.71668,-116.3
0.71670,-116.3
0.71672,-88.7
0.71674,-88.7
0.71676,-88.7
0.71678,-5.8
0.71680,-5.8
0.71682,-88.7
0.71684,-199.2
0.71686,-226.8
0.71688,-116.3
0.71690,-88.7
0.71692,-88.7
0.71694,-5.8
0.71696,-5.8
0.71698,-88.7
0.71700,-88.7
0.71702,-88.7
0.71704,-5.8
0.71706,-5.8
0.71708,-5.8
0.71710,21.8
0.71712,21.8
0.71714,-88.7
0.71716,-88.7
0.71718,-116.3
0.71720,-199.2
0.71722,-88.7
0.71724,-5.8
0.71726,21.8
0.71728,49.4
0.71730,21.8
0.71732,104.7
0.71734,21.8
0.71736,-5.8
0.71738,-5.8
0.71740,21.8
0.71742,-5.8
0.71744,-5.8
0.71746,-5.8
0.71748,-88.7
0.71750,-116.3
0.71752,-116.3
0.71754,-88.7
0.71756,-5.8
0.71758,-5.8
0.71760,-5.8
0.71762,21.8
0.71764,21.8
0.71766,21.8
0.71768,104.7
0.71770,104.7
0.71772,132.3
0.71774,132.3
0.71776,132.3
0.71778,104.7
0.71780,21.8
0.71782,-5.8
0.71784,-88.7
0.71786,-33.4
0.71788,-88.7
0.71790,-5.8
0.71792,-5.8
0.71794,21.8
0.71796,21.8
0.71798,-5.8
0.71800,-5.8
0.71802,-5.8
0.71804,-5.8
0.71806,-5.8
0.71808,-5.8
0.71810,-5.8
0.71812,21.8
0.71814,21.8
0.71816,21.8
0.71818,21.8
0.71820,21.8
0.71822,104.7
0.71824,104.7
0.71826,104.7
0.71828,104.7
0.71830,104.7
0.71832,21.8
0.71834,21.8
0.71836,21.8
0.71838,-5.8
0.71840,-5.8
0.71842,-5.8
0.71844,21.8
0.71846,21.8
0.71848,21.8
0.71850,21.8
0.71852,21.8
0.71854,21.8
0.71856,21.8
0.71858,21.8
0.71860,21.8
0.71862,-5.8
0.71864,-5.8
0.71866,-88.7
0.71868,-88.7
0.71870,-88.7
0.71872,-5.8
0.71874,21.8
0.71876,104.7
0.71878,104.7
0.71880,21.8
0.71882,21.8
0.71884,104.7
0.71886,104.7
0.71888,104.7
0.71890,104.7
0.71892,104.7
0.71894,21.8
0.71896,21.8
0.71898,-5.8
0.71900,-5.8
0.71902,-5.8
0.71904,21.8
0.71906,-5.8
0.71908,-5.8
0.71910,-5.8
0.71912,-5.8
0.71914,-5.8
0.71916,-5.8
0.71918,-5.8
0.71920,21.8
0.71922,21.8
0.71924,-5.8
0.71926,-5.8
0.71928,-5.8
0.71930,-5.8
0.71932,21.8
0.71934,21.8
0.71936,104.7
0.71938,104.7
0.71940,21.8
0.71942,-5.8
0.71944,-5.8
0.71946,-5.8
0.71948,-5.8
0.71950,-5.8
0.71952,-5.8
0.71954,-5.8
0.71956,-33.4
0.71958,-88.7
0.71960,-5.8
0.71962,-5.8
0.71964,-5.8
0.71966,-5.8
0.71968,21.8
0.71970,-5.8
0.71972,-88.7
0.71974,-88.7
0.71976,-88.7
0.71978,-88.7
0.71980,-5.8
0.71982,-5.8
0.71984,-5.8
0.71986,-88.7
0.71988,-116.3
0.71990,-116.3
0.71992,-116.3
0.71994,-88.7
0.71996,-88.7
0.71998,-5.8
0.72000,-5.8
0.72002,-5.8
0.72004,-88.7
0.72006,-88.7
0.72008,-88.7
0.72010,-88.7
0.72012,-5.8
0.72014,21.8
0.72016,-5.8
0.72018,-5.8
0.72020,-5.8
0.72022,-5.8
0.72024,-5.8
0.72026,-5.8
0.72028,-5.8
0.72030,-5.8
0.72032,-5.8
0.72034,-5.8
0.72036,-88.7
0.72038,-88.7
0.72040,-5.8
0.72042,-5.8
0.72044,-88.7
0.72046,-88.7
0.72048,-116.3
0.72050,-199.2
0.72052,-199.2
0.72054,-199.2
0.72056,-199.2
0.72058,-116.3
0.72060,-116.3
0.72062,-88.7
0.72064,-88.7
0.72066,-116.3
0.72068,-116.3
0.72070,-88.7
0.72072,-88.7
0.72074,-88.7
0.72076,-88.7
0.72078,-88.7
0.72080,-116.3
0.72082,-199.2
0.72084,-199.2
0.72086,-199.2
0.72088,-116.3
0.72090,-116.3
0.72092,-199.2
0.72094,-226.8
0.72096,-309.6
0.72098,-309.6
0.72100,-309.6
0.72102,-309.6
0.72104,-199.2
0.72106,-88.7
0.72108,-116.3
0.72110,-199.2
0.72112,-199.2
0.72114,-226.8
0.72116,-226.8
0.72118,-226.8
0.72120,-226.8
0.72122,-199.2
0.72124,-226.8
0.72126,-282.0
0.72128,-309.6
0.72130,-309.6
0.72132,-309.6
0.72134,-226.8
0.72136,-199.2
0.72138,-199.2
0.72140,-199.2
0.72142,-116.3
0.72144,-116.3
0.72146,-199.2
0.72148,-226.8
0.72150,-226.8
0.72152,-199.2
0.72154,-226.8
0.72156,-226.8
0.72158,-226.8
0.72160,-199.2
0.72162,-199.2
0.72164,-199.2
0.72166,-226.8
0.72168,-226.8
0.72170,-226.8
0.72172,-309.6
0.72174,-309.6
0.72176,-309.6
0.72178,-226.8
0.72180,-226.8
0.72182,-199.2
0.72184,-199.2
0.72186,-116.3
0.72188,-116.3
0.72190,-116.3
0.72192,-88.7
0.72194,-116.3
0.72196,-199.2
0.72198,-199.2
0.72200,-199.2
0.72202,-199.2
0.72204,-199.2
0.72206,-199.2
0.72208,-199.2
0.72210,-116.3
0.72212,-116.3
0.72214,-116.3
0.72216,-88.7
0.72218,-116.3
0.72220,-116.3
0.72222,-88.7
0.72224,-88.7
0.72226,-88.7
0.72228,-88.7
0.72230,-88.7
0.72232,-5.8
0.72234,-61.0
0.72236,-5.8
0.72238,21.8
0.72240,21.8
0.72242,21.8
0.72244,21.8
0.72246,21.8
0.72248,104.7
0.72250,21.8
0.72252,21.8
0.72254,21.8
0.72256,21.8
0.72258,21.8
0.72260,21.8
0.72262,21.8
0.72264,21.8
0.72266,21.8
0.72268,104.7
0.72270,104.7
0.72272,21.8
0.72274,104.7
0.72276,104.7
0.72278,104.7
0.72280,104.7
0.72282,104.7
0.72284,104.7
0.72286,104.7
0.72288,21.8
0.72290,21.8
0.72292,21.8
0.72294,49.4
0.72296,21.8
0.72298,104.7
0.72300,132.3
0.72302,132.3
0.72304,104.7
0.72306,104.7
0.72308,104.7
0.72310,104.7
0.72312,104.7
0.72314,21.8
0.72316,-5.8
0.72318,-5.8
0.72320,-5.8
0.72322,-5.8
0.72324,-5.8
0.72326,-5.8
0.72328,21.8
0.72330,21.8
0.72332,21.8
0.72334,-5.8
0.72336,-88.7
0.72338,-88.7
0.72340,-88.7
0.72342,-88.7
0.72344,-88.7
0.72346,-88.7
0.72348,-88.7
0.72350,-88.7
0.72352,-88.7
0.72354,-88.7
0.72356,-88.7
0.72358,-116.3
0.72360,-116.3
0.72362,-116.3
0.72364,-116.3
0.72366,-116.3
0.72368,-199.2
0.72370,-199.2
0.72372,-199.2
0.72374,-116.3
0.72376,-116.3
0.72378,-116.3
0.72380,-88.7
0.72382,-88.7
0.72384,-88.7
0.72386,-88.7
0.72388,-116.3
0.72390,-116.3
0.72392,-199.2
0.72394,-199.2
0.72396,-226.8
0.72398,-226.8
0.72400,-226.8
0.72402,-226.8
0.72404,-226.8
0.72406,-226.8
0.72408,-199.2
0.72410,-199.2
0.72412,-199.2
0.72414,-199.2
0.72416,-199.2
0.72418,-199.2
0.72420,-116.3
0.72422,-199.2
0.72424,-116.3
0.72426,-116.3
0.72428,-116.3
0.72430,-88.7
0.72432,-88.7
0.72434,-88.7
0.72436,-116.3
0.72438,-116.3
0.72440,-116.3
0.72442,-199.2
0.72444,-199.2
0.72446,-199.2
0.72448,-199.2
0.72450,-199.2
0.72452,-199.2
0.72454,-116.3
0.72456,-116.3
0.72458,-116.3
0.72460,-88.7
0.72462,-88.7
0.72464,-88.7
0.72466,-88.7
0.72468,-88.7
0.72470,-88.7
0.72472,-88.7
0.72474,-88.7
0.72476,-88.7
0.72478,-88.7
0.72480,-88.7
0.72482,-116.3
0.72484,-116.3
0.72486,-88.7
0.72488,-88.7
0.72490,-88.7
0.72492,-5.8
0.72494,-88.7
0.72496,-88.7
0.72498,-88.7
0.72500,-116.3
0.72502,-88.7
0.72504,-88.7
0.72506,-5.8
0.72508,-5.8
0.72510,-5.8
0.72512,-5.8
0.72514,-5.8
0.72516,-33.4
0.72518,-5.8
0.72520,-5.8
0.72522,21.8
0.72524,-5.8
0.72526,-5.8
0.72528,-5.8
0.72530,-88.7
0.72532,-116.3
0.72534,-116.3
0.72536,-116.3
0.72538,-116.3
0.72540,-88.7
0.72542,-88.7
0.72544,-116.3
0.72546,-116.3
0.72548,-116.3
0.72550,-5.8
0.72552,21.8
0.72554,-5.8
0.72556,-5.8
0.72558,21.8
0.72560,-5.8
0.72562,-5.8
0.72564,-5.8
0.72566,-5.8
0.72568,-5.8
0.72570,-61.0
0.72572,-88.7
0.72574,-88.7
0.72576,-88.7
0.72578,-116.3
0.72580,-116.3
0.72582,-88.7
0.72584,-5.8
0.72586,-5.8
0.72588,21.8
0.72590,21.8
0.72592,104.7
0.72594,104.7
0.72596,-5.8
0.72598,-88.7
0.72600,-88.7
0.72602,-5.8
0.72604,-88.7
0.72606,-88.7
0.72608,-88.7
0.72610,-88.7
0.72612,-88.7
0.72614,-88.7
0.72616,-5.8
0.72618,21.8
0.72620,21.8
0.72622,77.1
0.72624,104.7
0.72626,21.8
0.72628,21.8
0.72630,21.8
0.72632,21.8
0.72634,-5.8
0.72636,-88.7
0.72638,-116.3
0.72640,-116.3
0.72642,-88.7
0.72644,-88.7
0.72646,-88.7
0.72648,-5.8
0.72650,21.8
0.72652,-5.8
0.72654,-5.8
0.72656,-5.8
0.72658,21.8
0.72660,21.8
0.72662,21.8
0.72664,21.8
0.72666,21.8
0.72668,-5.8
0.72670,-88.7
0.72672,-88.7
0.72674,-5.8
0.72676,-33.4
0.72678,-88.7
0.72680,-5.8
0.72682,21.8
0.72684,-5.8
0.72686,-88.7
0.72688,-88.7
0.72690,-5.8
0.72692,-5.8
0.72694,-5.8
0.72696,21.8
0.72698,21.8
0.72700,-5.8
0.72702,-5.8
0.72704,-5.8
0.72706,-88.7
0.72708,-88.7
0.72710,-5.8
0.72712,-5.8
0.72714,-5.8
0.72716,-5.8
0.72718,21.8
0.72720,21.8
0.72722,21.8
0.72724,-5.8
0.72726,-5.8
0.72728,-5.8
0.72730,-5.8
0.72732,-88.7
0.72734,-33.4
0.72736,-5.8
0.72738,-88.7
0.72740,-88.7
0.72742,-88.7
0.72744,-88.7
0.72746,-5.8
0.72748,-5.8
0.72750,21.8
0.72752,-5.8
0.72754,-5.8
0.72756,-5.8
0.72758,-5.8
0.72760,-5.8
0.72762,-5.8
0.72764,-5.8
0.72766,21.8
0.72768,21.8
0.72770,-5.8
0.72772,-5.8
0.72774,-5.8
0.72776,21.8
0.72778,-5.8
0.72780,-5.8
0.72782,21.8
0.72784,-5.8
0.72786,-5.8
0.72788,-5.8
0.72790,-5.8
0.72792,-5.8
0.72794,-33.4
0.72796,-5.8
0.72798,-5.8
0.72800,-5.8
0.72802,-5.8
0.72804,21.8
0.72806,21.8
0.72808,-5.8
0.72810,-5.8
0.72812,-5.8
0.72814,-5.8
0.72816,-5.8
0.72818,-5.8
0.72820,-5.8
0.72822,-5.8
0.72824,-5.8
0.72826,-5.8
0.72828,-5.8
0.72830,-88.7
0.72832,-88.7
0.72834,-116.3
0.72836,-88.7
0.72838,-116.3
0.72840,-88.7
0.72842,-88.7
0.72844,-88.7
0.72846,-88.7
0.72848,-116.3
0.72850,-116.3
0.72852,-88.7
0.72854,-88.7
0.72856,-5.8
0.72858,-5.8
0.72860,-5.8
0.72862,-88.7
0.72864,-88.7
0.72866,-88.7
0.72868,-116.3
0.72870,-116.3
0.72872,-116.3
0.72874,-199.2
0.72876,-226.8
0.72878,-309.6
0.72880,-337.3
0.72882,-309.6
0.72884,-226.8
0.72886,-199.2
0.72888,-116.3
0.72890,-116.3
0.72892,-199.2
0.72894,-199.2
0.72896,-199.2
0.72898,-199.2
0.72900,-116.3
0.72902,-88.7
0.72904,-88.7
0.72906,-116.3
0.72908,-199.2
0.72910,-199.2
0.72912,-199.2
0.72914,-116.3
0.72916,-116.3
0.72918,-88.7
0.72920,-88.7
0.72922,-116.3
0.72924,-199.2
0.72926,-199.2
0.72928,-199.2
0.72930,-199.2
0.72932,-88.7
0.72934,-88.7
0.72936,-88.7
0.72938,-88.7
0.72940,-88.7
0.72942,-88.7
0.72944,-88.7
0.72946,-88.7
0.72948,-88.7
0.72950,-5.8
0.72952,-5.8
0.72954,-88.7
0.72956,-116.3
0.72958,-116.3
0.72960,-116.3
0.72962,-116.3
0.72964,-171.5
0.72966,-199.2
0.72968,-226.8
0.72970,-199.2
0.72972,-199.2
0.72974,-199.2
0.72976,-116.3
0.72978,-88.7
0.72980,-116.3
0.72982,-116.3
0.72984,-88.7
0.72986,-88.7
0.72988,-88.7
0.72990,-5.8
0.72992,-5.8
0.72994,-5.8
0.72996,-88.7
0.72998,-88.7
0.73000,-88.7
0.73002,-88.7
0.73004,-88.7
0.73006,-88.7
0.73008,-88.7
0.73010,-116.3
0.73012,-116.3
0.73014,-116.3
0.73016,-199.2
0.73018,-226.8
0.73020,-226.8
0.73022,-143.9
0.73024,-116.3
0.73026,-88.7
0.73028,-88.7
0.73030,-5.8
0.73032,-5.8
0.73034,-5.8
0.73036,-88.7
0.73038,-5.8
0.73040,-5.8
0.73042,-5.8
0.73044,21.8
0.73046,21.8
0.73048,21.8
0.73050,-5.8
0.73052,-5.8
0.73054,-5.8
0.73056,-88.7
0.73058,-5.8
0.73060,-5.8
0.73062,-5.8
0.73064,-88.7
0.73066,-88.7
0.73068,21.8
0.73070,104.7
0.73072,104.7
0.73074,21.8
0.73076,-5.8
0.73078,-5.8
0.73080,-5.8
0.73082,-88.7
0.73084,21.8
0.73086,132.3
0.73088,104.7
0.73090,21.8
0.73092,-5.8
0.73094,-5.8
0.73096,-33.4
0.73098,21.8
0.73100,104.7
0.73102,215.2
0.73104,132.3
0.73106,104.7
0.73108,104.7
0.73110,104.7
0.73112,104.7
0.73114,104.7
0.73116,132.3
0.73118,215.2
0.73120,215.2
0.73122,104.7
0.73124,132.3
0.73126,132.3
0.73128,104.7
0.73130,132.3
0.73132,215.2
0.73134,215.2
0.73136,215.2
0.73138,132.3
0.73140,132.3
0.73142,215.2
0.73144,215.2
0.73146,215.2
0.73148,215.2
0.73150,242.8
0.73152,215.2
0.73154,132.3
0.73156,132.3
0.73158,132.3
0.73160,104.7
0.73162,132.3
0.73164,132.3
0.73166,159.9
0.73168,132.3
0.73170,132.3
0.73172,132.3
0.73174,132.3
0.73176,132.3
0.73178,215.2
0.73180,242.8
0.73182,215.2
0.73184,215.2
0.73186,215.2
0.73188,215.2
0.73190,132.3
0.73192,132.3
0.73194,132.3
0.73196,132.3
0.73198,104.7
0.73200,21.8
0.73202,21.8
0.73204,21.8
0.73206,21.8
0.73208,21.8
0.73210,104.7
0.73212,132.3
0.73214,104.7
0.73216,104.7
0.73218,104.7
0.73220,132.3
0.73222,132.3
0.73224,132.3
0.73226,104.7
0.73228,104.7
0.73230,104.7
0.73232,21.8
0.73234,21.8
0.73236,21.8
0.73238,104.7
0.73240,21.8
0.73242,21.8
0.73244,21.8
0.73246,21.8
0.73248,-5.8
0.73250,-5.8
0.73252,-5.8
0.73254,-5.8
0.73256,21.8
0.73258,21.8
0.73260,21.8
0.73262,104.7
0.73264,104.7
0.73266,104.7
0.73268,21.8
0.73270,21.8
0.73272,21.8
0.73274,21.8
0.73276,-5.8
0.73278,-33.4
0.73280,-5.8
0.73282,-5.8
0.73284,-5.8
0.73286,-5.8
0.73288,21.8
0.73290,-5.8
0.73292,-5.8
0.73294,-88.7
0.73296,-88.7
0.73298,-88.7
0.73300,-88.7
0.73302,-88.7
0.73304,-88.7
0.73306,-88.7
0.73308,-5.8
0.73310,-5.8
0.73312,-5.8
0.73314,-5.8
0.73316,21.8
0.73318,21.8
0.73320,21.8
0.73322,21.8
0.73324,21.8
0.73326,21.8
0.73328,21.8
0.73330,-5.8
0.73332,-88.7
0.73334,-88.7
0.73336,-116.3
0.73338,-199.2
0.73340,-116.3
0.73342,-116.3
0.73344,-116.3
0.73346,-116.3
0.73348,-88.7
0.73350,-88.7
0.73352,-88.7
0.73354,-5.8
0.73356,-88.7
0.73358,-88.7
0.73360,-116.3
0.73362,-199.2
0.73364,-226.8
0.73366,-226.8
0.73368,-226.8
0.73370,-199.2
0.73372,-116.3
0.73374,-116.3
0.73376,-88.7
0.73378,-88.7
0.73380,-88.7
0.73382,-116.3
0.73384,-116.3
0.73386,-199.2
0.73388,-226.8
0.73390,-226.8
0.73392,-199.2
0.73394,-199.2
0.73396,-199.2
0.73398,-199.2
0.73400,-199.2
0.73402,-199.2
0.73404,-199.2
0.73406,-199.2
0.73408,-199.2
0.73410,-199.2
0.73412,-199.2
0.73414,-226.8
0.73416,-226.8
0.73418,-226.8
0.73420,-226.8
0.73422,-199.2
0.73424,-199.2
0.73426,-199.2
0.73428,-199.2
0.73430,-199.2
0.73432,-199.2
0.73434,-226.8
0.73436,-226.8
0.73438,-226.8
0.73440,-226.8
0.73442,-226.8
0.73444,-226.8
0.73446,-226.8
0.73448,-226.8
0.73450,-199.2
0.73452,-199.2
0.73454,-116.3
0.73456,-116.3
0.73458,-199.2
0.73460,-116.3
0.73462,-143.9
0.73464,-116.3
0.73466,-116.3
0.73468,-116.3
0.73470,-116.3
0.73472,-116.3
0.73474,-116.3
0.73476,-116.3
0.73478,-88.7
0.73480,-88.7
0.73482,-88.7
0.73484,-88.7
0.73486,-88.7
0.73488,-88.7
0.73490,-88.7
0.73492,-116.3
0.73494,-116.3
0.73496,-116.3
0.73498,-116.3
0.73500,-116.3
0.73502,-88.7
0.73504,-88.7
0.73506,-88.7
0.73508,-88.7
0.73510,-88.7
0.73512,-88.7
0.73514,-88.7
0.73516,-88.7
0.73518,-88.7
0.73520,-88.7
0.73522,-61.0
0.73524,-5.8
0.73526,-88.7
0.73528,-5.8
0.73530,-88.7
0.73532,-5.8
0.73534,-5.8
0.73536,-88.7
0.73538,-5.8
0.73540,-5.8
0.73542,-5.8
0.73544,-5.8
0.73546,-5.8
0.73548,-5.8
0.73550,-5.8
0.73552,21.8
0.73554,-5.8
0.73556,-5.8
0.73558,-5.8
0.73560,-5.8
0.73562,-5.8
0.73564,-5.8
0.73566,-5.8
0.73568,-5.8
0.73570,-5.8
0.73572,-5.8
0.73574,-88.7
0.73576,-88.7
0.73578,-5.8
0.73580,-5.8
0.73582,-5.8
0.73584,-33.4
0.73586,-5.8
0.73588,-5.8
0.73590,-5.8
0.73592,-5.8
0.73594,-5.8
0.73596,-5.8
0.73598,-5.8
0.73600,-5.8
0.73602,-5.8
0.73604,-5.8
0.73606,-5.8
0.73608,-5.8
0.73610,21.8
0.73612,21.8
0.73614,21.8
0.73616,-5.8
0.73618,-5.8
0.73620,-5.8
0.73622,-5.8
0.73624,-5.8
0.73626,-88.7
0.73628,-5.8
0.73630,-88.7
0.73632,-88.7
0.73634,-88.7
0.73636,-5.8
0.73638,-5.8
0.73640,-5.8
0.73642,-5.8
0.73644,-5.8
0.73646,21.8
0.73648,21.8
0.73650,21.8
0.73652,21.8
0.73654,21.8
0.73656,21.8
0.73658,21.8
0.73660,21.8
0.73662,21.8
0.73664,-5.8
0.73666,21.8
0.73668,21.8
0.73670,-5.8
0.73672,-5.8
0.73674,-5.8
0.73676,-5.8
0.73678,-88.7
0.73680,-88.7
0.73682,-88.7
0.73684,-88.7
0.73686,-88.7
0.73688,-88.7
0.73690,-88.7
0.73692,-5.8
0.73694,21.8
0.73696,21.8
0.73698,104.7
0.73700,21.8
0.73702,21.8
0.73704,21.8
0.73706,21.8
0.73708,21.8
0.73710,77.1
0.73712,104.7
0.73714,104.7
0.73716,104.7
0.73718,21.8
0.73720,21.8
0.73722,21.8
0.73724,-5.8
0.73726,-5.8
0.73728,-5.8
0.73730,-88.7
0.73732,-88.7
0.73734,-116.3
0.73736,-116.3
0.73738,-88.7
0.73740,-88.7
0.73742,-88.7
0.73744,-5.8
0.73746,21.8
0.73748,21.8
0.73750,21.8
0.73752,21.8
0.73754,21.8
0.73756,21.8
0.73758,21.8
0.73760,104.7
0.73762,104.7
0.73764,104.7
0.73766,104.7
0.73768,21.8
0.73770,21.8
0.73772,77.1
0.73774,21.8
0.73776,104.7
0.73778,21.8
0.73780,104.7
0.73782,21.8
0.73784,21.8
0.73786,21.8
0.73788,-5.8
0.73790,-5.8
0.73792,-88.7
0.73794,-88.7
0.73796,-88.7
0.73798,-88.7
0.73800,-88.7
0.73802,-88.7
0.73804,-5.8
0.73806,-5.8
0.73808,-5.8
0.73810,-5.8
0.73812,-5.8
0.73814,-5.8
0.73816,-5.8
0.73818,-5.8
0.73820,-5.8
0.73822,-5.8
0.73824,-88.7
0.73826,-88.7
0.73828,-88.7
0.73830,-5.8
0.73832,-5.8
0.73834,21.8
0.73836,21.8
0.73838,104.7
0.73840,21.8
0.73842,21.8
0.73844,21.8
0.73846,21.8
0.73848,104.7
0.73850,104.7
0.73852,104.7
0.73854,104.7
0.73856,21.8
0.73858,21.8
0.73860,21.8
0.73862,-5.8
0.73864,-5.8
0.73866,-5.8
0.73868,-88.7
0.73870,-88.7
0.73872,-116.3
0.73874,-116.3
0.73876,-88.7
0.73878,-88.7
0.73880,21.8
0.73882,21.8
0.73884,104.7
0.73886,21.8
0.73888,104.7
0.73890,21.8
0.73892,21.8
0.73894,49.4
0.73896,104.7
0.73898,132.3
0.73900,104.7
0.73902,104.7
0.73904,104.7
0.73906,21.8
0.73908,21.8
0.73910,21.8
0.73912,104.7
0.73914,21.8
0.73916,21.8
0.73918,21.8
0.73920,-5.8
0.73922,-88.7
0.73924,-116.3
0.73926,-116.3
0.73928,-88.7
0.73930,-88.7
0.73932,-5.8
0.73934,21.8
0.73936,-5.8
0.73938,-5.8
0.73940,-5.8
0.73942,-5.8
0.73944,-5.8
0.73946,-5.8
0.73948,21.8
0.73950,21.8
0.73952,-5.8
0.73954,-88.7
0.73956,-88.7
0.73958,-88.7
0.73960,-88.7
0.73962,-5.8
0.73964,-5.8
0.73966,21.8
0.73968,21.8
0.73970,21.8
0.73972,21.8
0.73974,-5.8
0.73976,-5.8
0.73978,-5.8
0.73980,-5.8
0.73982,-5.8
0.73984,21.8
0.73986,21.8
0.73988,21.8
0.73990,21.8
0.73992,21.8
0.73994,21.8
0.73996,21.8
0.73998,21.8
0.74000,21.8
0.74002,21.8
0.74004,-5.8
0.74006,-5.8
0.74008,-88.7
0.74010,-116.3
0.74012,-199.2
0.74014,-116.3
0.74016,-116.3
0.74018,-88.7
0.74020,21.8
0.74022,104.7
0.74024,49.4
0.74026,21.8
0.74028,-5.8
0.74030,-5.8
0.74032,-5.8
0.74034,-5.8
0.74036,-5.8
0.74038,-5.8
0.74040,-5.8
0.74042,-88.7
0.74044,-88.7
0.74046,-5.8
0.74048,-5.8
0.74050,21.8
0.74052,21.8
0.74054,21.8
0.74056,21.8
0.74058,-5.8
0.74060,21.8
0.74062,21.8
0.74064,21.8
0.74066,21.8
0.74068,104.7
0.74070,21.8
0.74072,-5.8
0.74074,-5.8
0.74076,-88.7
0.74078,-88.7
0.74080,-88.7
0.74082,-33.4
0.74084,-5.8
0.74086,21.8
0.74088,21.8
0.74090,-5.8
0.74092,-5.8
0.74094,-5.8
0.74096,-5.8
0.74098,-5.8
0.74100,-5.8
0.74102,21.8
0.74104,21.8
0.74106,-5.8
0.74108,-5.8
0.74110,-5.8
0.74112,-5.8
0.74114,-5.8
0.74116,-5.8
0.74118,-5.8
0.74120,-88.7
0.74122,-88.7
0.74124,-88.7
0.74126,-88.7
0.74128,-5.8
0.74130,-5.8
0.74132,-5.8
0.74134,-88.7
0.74136,-88.7
0.74138,-5.8
0.74140,21.8
0.74142,21.8
0.74144,104.7
0.74146,104.7
0.74148,49.4
0.74150,-5.8
0.74152,-5.8
0.74154,21.8
0.74156,21.8
0.74158,21.8
0.74160,21.8
0.74162,21.8
0.74164,-5.8
0.74166,-88.7
0.74168,-5.8
0.74170,-88.7
0.74172,-88.7
0.74174,-5.8
0.74176,-5.8
0.74178,-5.8
0.74180,-5.8
0.74182,-88.7
0.74184,-88.7
0.74186,-88.7
0.74188,-5.8
0.74190,-5.8
0.74192,-5.8
0.74194,-5.8
0.74196,-5.8
0.74198,-5.8
0.74200,-5.8
0.74202,-5.8
0.74204,-5.8
0.74206,-5.8
0.74208,-5.8
0.74210,-5.8
0.74212,-33.4
0.74214,-88.7
0.74216,-88.7
0.74218,-88.7
0.74220,-5.8
0.74222,-5.8
0.74224,-5.8
0.74226,21.8
0.74228,-5.8
0.74230,-5.8
0.74232,-5.8
0.74234,-5.8
0.74236,21.8
0.74238,21.8
0.74240,-5.8
0.74242,-5.8
0.74244,-5.8
0.74246,-5.8
0.74248,21.8
0.74250,21.8
0.74252,21.8
0.74254,-5.8
0.74256,-5.8
0.74258,21.8
0.74260,-5.8
0.74262,-5.8
0.74264,-5.8
0.74266,-5.8
0.74268,21.8
0.74270,-5.8
0.74272,-33.4
0.74274,-5.8
0.74276,-5.8
0.74278,-5.8
0.74280,-5.8
0.74282,-5.8
0.74284,-5.8
0.74286,-5.8
0.74288,-5.8
0.74290,-5.8
0.74292,-5.8
0.74294,-5.8
0.74296,-88.7
0.74298,-88.7
0.74300,-88.7
0.74302,-5.8
0.74304,21.8
0.74306,21.8
0.74308,21.8
0.74310,21.8
0.74312,21.8
0.74314,21.8
0.74316,21.8
0.74318,21.8
0.74320,-5.8
0.74322,-5.8
0.74324,-88.7
0.74326,-88.7
0.74328,-88.7
0.74330,-88.7
0.74332,-88.7
0.74334,-88.7
0.74336,-5.8
0.74338,21.8
0.74340,21.8
0.74342,21.8
0.74344,104.7
0.74346,21.8
0.74348,-5.8
0.74350,-5.8
0.74352,-5.8
0.74354,-5.8
0.74356,-5.8
0.74358,-5.8
0.74360,-5.8
0.74362,21.8
0.74364,21.8
0.74366,104.7
0.74368,104.7
0.74370,104.7
0.74372,21.8
0.74374,21.8
0.74376,21.8
0.74378,21.8
0.74380,-5.8
0.74382,-5.8
0.74384,21.8
0.74386,104.7
0.74388,104.7
0.74390,132.3
0.74392,132.3
0.74394,104.7
0.74396,77.1
0.74398,21.8
0.74400,21.8
0.74402,21.8
0.74404,-5.8
0.74406,21.8
0.74408,21.8
0.74410,21.8
0.74412,104.7
0.74414,104.7
0.74416,132.3
0.74418,132.3
0.74420,104.7
0.74422,104.7
0.74424,21.8
0.74426,-5.8
0.74428,-5.8
0.74430,-5.8
0.74432,-5.8
0.74434,-5.8
0.74436,-5.8
0.74438,21.8
0.74440,104.7
0.74442,104.7
0.74444,104.7
0.74446,104.7
0.74448,21.8
0.74450,21.8
0.74452,-5.8
0.74454,-5.8
0.74456,-5.8
0.74458,-5.8
0.74460,-33.4
0.74462,21.8
0.74464,21.8
0.74466,21.8
0.74468,104.7
0.74470,104.7
0.74472,104.7
0.74474,21.8
0.74476,21.8
0.74478,-5.8
0.74480,-5.8
0.74482,-5.8
0.74484,-5.8
0.74486,-5.8
0.74488,21.8
0.74490,21.8
0.74492,21.8
0.74494,104.7
0.74496,104.7
0.74498,104.7
0.74500,104.7
0.74502,21.8
0.74504,21.8
0.74506,-5.8
0.74508,-5.8
0.74510,-5.8
0.74512,-5.8
0.74514,-5.8
0.74516,-5.8
0.74518,21.8
0.74520,104.7
0.74522,104.7
0.74524,77.1
0.74526,104.7
0.74528,104.7
0.74530,104.7
0.74532,21.8
0.74534,21.8
0.74536,-5.8
0.74538,21.8
0.74540,-5.8
0.74542,21.8
0.74544,21.8
0.74546,104.7
0.74548,104.7
0.74550,132.3
0.74552,132.3
0.74554,104.7
0.74556,104.7
0.74558,104.7
0.74560,21.8
0.74562,21.8
0.74564,21.8
0.74566,-5.8
0.74568,21.8
0.74570,21.8
0.74572,104.7
0.74574,104.7
0.74576,104.7
0.74578,132.3
0.74580,104.7
0.74582,104.7
0.74584,104.7
0.74586,21.8
0.74588,-5.8
0.74590,-5.8
0.74592,-5.8
0.74594,-5.8
0.74596,21.8
0.74598,21.8
0.74600,21.8
0.74602,104.7
0.74604,104.7
0.74606,104.7
0.74608,104.7
0.74610,21.8
0.74612,21.8
0.74614,21.8
0.74616,-5.8
0.74618,-5.8
0.74620,-88.7
0.74622,-5.8
0.74624,-5.8
0.74626,-5.8
0.74628,-5.8
0.74630,21.8
0.74632,21.8
0.74634,21.8
0.74636,21.8
0.74638,21.8
0.74640,21.8
0.74642,-5.8
0.74644,-5.8
0.74646,-5.8
0.74648,-5.8
0.74650,-5.8
0.74652,-33.4
0.74654,-5.8
0.74656,-5.8
0.74658,-5.8
0.74660,21.8
0.74662,21.8
0.74664,-5.8
0.74666,-5.8
0.74668,-88.7
0.74670,-88.7
0.74672,-116.3
0.74674,-116.3
0.74676,-199.2
0.74678,-199.2
0.74680,-199.2
0.74682,-199.2
0.74684,-116.3
0.74686,-88.7
0.74688,-88.7
0.74690,-88.7
0.74692,-88.7
0.74694,-116.3
0.74696,-116.3
0.74698,-116.3
0.74700,-116.3
0.74702,-116.3
0.74704,-199.2
0.74706,-199.2
0.74708,-199.2
0.74710,-116.3
0.74712,-116.3
0.74714,-143.9
0.74716,-116.3
0.74718,-116.3
0.74720,-199.2
0.74722,-199.2
0.74724,-199.2
0.74726,-226.8
0.74728,-226.8
0.74730,-199.2
0.74732,-199.2
0.74734,-199.2
0.74736,-116.3
0.74738,-88.7
0.74740,-88.7
0.74742,-88.7
0.74744,-88.7
0.74746,-88.7
0.74748,-88.7
0.74750,-88.7
0.74752,-88.7
0.74754,-88.7
0.74756,-5.8
0.74758,-5.8
0.74760,-5.8
0.74762,-5.8
0.74764,-5.8
0.74766,-5.8
0.74768,21.8
0.74770,-5.8
0.74772,-33.4
0.74774,-5.8
0.74776,-5.8
0.74778,-5.8
0.74780,-5.8
0.74782,21.8
0.74784,21.8
0.74786,104.7
0.74788,132.3
0.74790,132.3
0.74792,132.3
0.74794,132.3
0.74796,215.2
0.74798,215.2
0.74800,132.3
0.74802,132.3
0.74804,104.7
0.74806,104.7
0.74808,104.7
0.74810,104.7
0.74812,104.7
0.74814,104.7
0.74816,132.3
0.74818,132.3
0.74820,104.7
0.74822,104.7
0.74824,104.7
0.74826,21.8
0.74828,21.8
0.74830,-5.8
0.74832,-5.8
0.74834,-5.8
0.74836,-5.8
0.74838,21.8
0.74840,21.8
0.74842,21.8
0.74844,21.8
0.74846,104.7
0.74848,21.8
0.74850,21.8
0.74852,-88.7
0.74854,-88.7
0.74856,-88.7
0.74858,-116.3
0.74860,-116.3
0.74862,-199.2
0.74864,-116.3
0.74866,-116.3
0.74868,-199.2
0.74870,-116.3
0.74872,-116.3
0.74874,-199.2
0.74876,-199.2
0.74878,-199.2
0.74880,-199.2
0.74882,-199.2
0.74884,-199.2
0.74886,-226.8
0.74888,-226.8
0.74890,-199.2
0.74892,-199.2
0.74894,-199.2
0.74896,-199.2
0.74898,-116.3
0.74900,-143.9
0.74902,-116.3
0.74904,-116.3
0.74906,-116.3
0.74908,-199.2
0.74910,-199.2
0.74912,-199.2
0.74914,-199.2
0.74916,-199.2
0.74918,-116.3
0.74920,-116.3
0.74922,-88.7
0.74924,-88.7
0.74926,-5.8
0.74928,-5.8
0.74930,-5.8
0.74932,-5.8
0.74934,-5.8
0.74936,-5.8
0.74938,-5.8
0.74940,21.8
0.74942,21.8
0.74944,21.8
0.74946,104.7
0.74948,104.7
0.74950,104.7
0.74952,104.7
0.74954,104.7
0.74956,77.1
0.74958,104.7
0.74960,21.8
0.74962,21.8
0.74964,-5.8
0.74966,-5.8
0.74968,21.8
0.74970,21.8
0.74972,21.8
0.74974,104.7
0.74976,104.7
0.74978,104.7
0.74980,104.7
0.74982,104.7
0.74984,104.7
0.74986,104.7
0.74988,104.7
0.74990,21.8
0.74992,-5.8
0.74994,-5.8
0.74996,-5.8
0.74998,-5.8
0.75000,-88.7
0.75002,-88.7
0.75004,-88.7
0.75006,-5.8
0.75008,-88.7
0.75010,-88.7
0.75012,-88.7
0.75014,-88.7
0.75016,-116.3
0.75018,-116.3
0.75020,-116.3
0.75022,-88.7
0.75024,-88.7
0.75026,-88.7
0.75028,-88.7
0.75030,-88.7
0.75032,-88.7
0.75034,-88.7
0.75036,-88.7
0.75038,-5.8
0.75040,-88.7
0.75042,-88.7
0.75044,-88.7
0.75046,-88.7
0.75048,-88.7
0.75050,-88.7
0.75052,-88.7
0.75054,-88.7
0.75056,-5.8
0.75058,-5.8
0.75060,-5.8
0.75062,-5.8
0.75064,21.8
0.75066,21.8
0.75068,-5.8
0.75070,-5.8
0.75072,-5.8
0.75074,21.8
0.75076,21.8
0.75078,21.8
0.75080,21.8
0.75082,104.7
0.75084,104.7
0.75086,132.3
0.75088,104.7
0.75090,132.3
0.75092,132.3
0.75094,104.7
0.75096,104.7
0.75098,104.7
0.75100,21.8
0.75102,21.8
0.75104,21.8
0.75106,21.8
0.75108,21.8
0.75110,104.7
0.75112,104.7
0.75114,132.3
0.75116,132.3
0.75118,132.3
0.75120,104.7
0.75122,104.7
0.75124,104.7
0.75126,104.7
0.75128,21.8
0.75130,21.8
0.75132,49.4
0.75134,21.8
0.75136,21.8
0.75138,21.8
0.75140,21.8
0.75142,21.8
0.75144,21.8
0.75146,21.8
0.75148,-5.8
0.75150,-5.8
0.75152,-5.8
0.75154,-88.7
0.75156,-88.7
0.75158,-88.7
0.75160,-5.8
0.75162,-5.8
0.75164,-5.8
0.75166,21.8
0.75168,21.8
0.75170,21.8
0.75172,21.8
0.75174,21.8
0.75176,21.8
0.75178,-5.8
0.75180,-5.8
0.75182,-88.7
0.75184,-88.7
0.75186,-5.8
0.75188,-5.8
0.75190,-33.4
0.75192,-5.8
0.75194,-5.8
0.75196,-5.8
0.75198,-5.8
0.75200,-5.8
0.75202,-5.8
0.75204,-5.8
0.75206,-88.7
0.75208,-88.7
0.75210,-88.7
0.75212,-88.7
0.75214,-5.8
0.75216,-5.8
0.75218,-5.8
0.75220,21.8
0.75222,21.8
0.75224,21.8
0.75226,21.8
0.75228,21.8
0.75230,21.8
0.75232,-5.8
0.75234,-5.8
0.75236,-5.8
0.75238,-5.8
0.75240,-5.8
0.75242,-5.8
0.75244,-5.8
0.75246,-5.8
0.75248,-5.8
0.75250,-5.8
0.75252,-5.8
0.75254,-5.8
0.75256,-5.8
0.75258,-5.8
0.75260,-5.8
0.75262,-5.8
0.75264,-88.7
0.75266,-5.8
0.75268,-5.8
0.75270,-5.8
0.75272,21.8
0.75274,21.8
0.75276,21.8
0.75278,21.8
0.75280,-5.8
0.75282,-5.8
0.75284,-5.8
0.75286,-5.8
0.75288,-5.8
0.75290,-88.7
0.75292,-88.7
0.75294,-88.7
0.75296,-88.7
0.75298,-88.7
0.75300,-88.7
0.75302,-88.7
0.75304,-88.7
0.75306,-5.8
0.75308,-5.8
0.75310,-5.8
0.75312,-5.8
0.75314,-5.8
0.75316,-5.8
0.75318,-5.8
0.75320,-5.8
0.75322,-5.8
0.75324,-5.8
0.75326,-5.8
0.75328,-5.8
0.75330,-5.8
0.75332,-5.8
0.75334,-5.8
0.75336,-88.7
0.75338,-88.7
0.75340,-88.7
0.75342,-88.7
0.75344,-88.7
0.75346,-88.7
0.75348,-88.7
0.75350,-88.7
0.75352,-88.7
0.75354,-88.7
0.75356,-88.7
0.75358,-5.8
0.75360,-5.8
0.75362,21.8
0.75364,-5.8
0.75366,-5.8
0.75368,-5.8
0.75370,-5.8
0.75372,-5.8
0.75374,-88.7
0.75376,-88.7
0.75378,-88.7
0.75380,-88.7
0.75382,-88.7
0.75384,-88.7
0.75386,-88.7
0.75388,-88.7
0.75390,-5.8
0.75392,-5.8
0.75394,-5.8
0.75396,-88.7
0.75398,-88.7
0.75400,-88.7
0.75402,-88.7
0.75404,-88.7
0.75406,-88.7
0.75408,-5.8
0.75410,-5.8
0.75412,-5.8
0.75414,-5.8
0.75416,-5.8
0.75418,21.8
0.75420,-5.8
0.75422,-5.8
0.75424,-5.8
0.75426,-5.8
0.75428,-88.7
0.75430,-88.7
0.75432,-88.7
0.75434,-88.7
0.75436,-88.7
0.75438,-88.7
0.75440,-5.8
0.75442,-5.8
0.75444,-5.8
0.75446,-5.8
0.75448,-5.8
0.75450,-5.8
0.75452,-5.8
0.75454,-5.8
0.75456,-5.8
0.75458,-5.8
0.75460,-5.8
0.75462,-5.8
0.75464,-5.8
0.75466,-5.8
0.75468,-5.8
0.75470,-5.8
0.75472,-5.8
0.75474,-5.8
0.75476,-5.8
0.75478,-33.4
0.75480,-5.8
0.75482,-5.8
0.75484,-5.8
0.75486,-5.8
0.75488,-5.8
0.75490,-5.8
0.75492,-5.8
0.75494,-5.8
0.75496,-5.8
0.75498,-5.8
0.75500,-5.8
0.75502,-5.8
0.75504,-5.8
0.75506,-5.8
0.75508,-5.8
0.75510,21.8
0.75512,21.8
0.75514,21.8
0.75516,-5.8
0.75518,-5.8
0.75520,-5.8
0.75522,-5.8
0.75524,-5.8
0.75526,-88.7
0.75528,-88.7
0.75530,-88.7
0.75532,-61.0
0.75534,-5.8
0.75536,-88.7
0.75538,-5.8
0.75540,-5.8
0.75542,-5.8
0.75544,-5.8
0.75546,-5.8
0.75548,-5.8
0.75550,-5.8
0.75552,-5.8
0.75554,21.8
0.75556,-5.8
0.75558,-5.8
0.75560,-5.8
0.75562,-88.7
0.75564,-5.8
0.75566,-5.8
0.75568,-5.8
0.75570,-5.8
0.75572,-5.8
0.75574,-5.8
0.75576,-5.8
0.75578,-5.8
0.75580,-5.8
0.75582,-5.8
0.75584,-5.8
0.75586,-5.8
0.75588,-5.8
0.75590,-5.8
0.75592,-5.8
0.75594,-5.8
0.75596,-5.8
0.75598,-5.8
0.75600,-5.8
0.75602,-5.8
0.75604,-5.8
0.75606,-5.8
0.75608,-5.8
0.75610,-5.8
0.75612,-5.8
0.75614,-5.8
0.75616,-88.7
0.75618,-88.7
0.75620,-88.7
0.75622,-88.7
0.75624,-5.8
0.75626,-5.8
0.75628,-5.8
0.75630,-5.8
0.75632,-5.8
0.75634,-5.8
0.75636,-5.8
0.75638,-5.8
0.75640,-5.8
0.75642,-5.8
0.75644,-5.8
0.75646,-5.8
0.75648,-88.7
0.75650,-88.7
0.75652,-88.7
0.75654,-88.7
0.75656,-88.7
0.75658,-88.7
0.75660,-5.8
0.75662,-5.8
0.75664,-5.8
0.75666,-5.8
0.75668,-5.8
0.75670,-5.8
0.75672,-5.8
0.75674,-5.8
0.75676,-5.8
0.75678,-5.8
0.75680,-88.7
0.75682,-5.8
0.75684,-5.8
0.75686,-88.7
0.75688,-5.8
0.75690,-5.8
0.75692,21.8
0.75694,21.8
0.75696,21.8
0.75698,21.8
0.75700,21.8
0.75702,-5.8
0.75704,-5.8
0.75706,-5.8
0.75708,-88.7
0.75710,-5.8
0.75712,-5.8
0.75714,-5.8
0.75716,-5.8
0.75718,-5.8
0.75720,-5.8
0.75722,21.8
0.75724,-5.8
0.75726,-5.8
0.75728,-5.8
0.75730,-88.7
0.75732,-5.8
0.75734,-88.7
0.75736,-5.8
0.75738,-5.8
0.75740,-5.8
0.75742,21.8
0.75744,21.8
0.75746,21.8
0.75748,21.8
0.75750,21.8
0.75752,21.8
0.75754,21.8
0.75756,21.8
0.75758,-5.8
0.75760,-5.8
0.75762,-5.8
0.75764,-5.8
0.75766,-5.8
0.75768,-5.8
0.75770,-5.8
0.75772,-5.8
0.75774,-5.8
0.75776,-5.8
0.75778,-5.8
0.75780,-5.8
0.75782,-5.8
0.75784,-5.8
0.75786,-5.8
0.75788,-5.8
0.75790,-5.8
0.75792,21.8
0.75794,21.8
0.75796,21.8
0.75798,-5.8
0.75800,-5.8
0.75802,-5.8
0.75804,-5.8
0.75806,-88.7
0.75808,-88.7
0.75810,-88.7
0.75812,-5.8
0.75814,-5.8
0.75816,21.8
0.75818,21.8
0.75820,21.8
0.75822,21.8
0.75824,21.8
0.75826,49.4
0.75828,-5.8
0.75830,-5.8
0.75832,-5.8
0.75834,-5.8
0.75836,-5.8
0.75838,-5.8
0.75840,21.8
0.75842,21.8
0.75844,21.8
0.75846,21.8
0.75848,21.8
0.75850,-5.8
0.75852,-5.8
0.75854,-5.8
0.75856,-5.8
0.75858,-88.7
0.75860,-88.7
0.75862,-88.7
0.75864,-5.8
0.75866,-88.7
0.75868,-5.8
0.75870,-5.8
0.75872,-5.8
0.75874,-5.8
0.75876,21.8
0.75878,-5.8
0.75880,-5.8
0.75882,-5.8
0.75884,-5.8
0.75886,-5.8
0.75888,-88.7
0.75890,-88.7
0.75892,-5.8
0.75894,-5.8
0.75896,-5.8
0.75898,-5.8
0.75900,-88.7
0.75902,-88.7
0.75904,-88.7
0.75906,-88.7
0.75908,-88.7
0.75910,-116.3
0.75912,-88.7
0.75914,-116.3
0.75916,-88.7
0.75918,-88.7
0.75920,-88.7
0.75922,-5.8
0.75924,-5.8
0.75926,-5.8
0.75928,-5.8
0.75930,-5.8
0.75932,-88.7
0.75934,-88.7
0.75936,-88.7
0.75938,-88.7
0.75940,-88.7
0.75942,-88.7
0.75944,-88.7
0.75946,-88.7
0.75948,-88.7
0.75950,-88.7
0.75952,-88.7
0.75954,-88.7
0.75956,-88.7
0.75958,-116.3
0.75960,-116.3
0.75962,-88.7
0.75964,-88.7
0.75966,-88.7
0.75968,-88.7
0.75970,-88.7
0.75972,-88.7
0.75974,-5.8
0.75976,-5.8
0.75978,-88.7
0.75980,-5.8
0.75982,-88.7
0.75984,-88.7
0.75986,-88.7
0.75988,-88.7
0.75990,-88.7
0.75992,-88.7
0.75994,-88.7
0.75996,-88.7
0.75998,-88.7
0.76000,-88.7
0.76002,-88.7
0.76004,-88.7
0.76006,-88.7
0.76008,-88.7
0.76010,-61.0
0.76012,-88.7
0.76014,-88.7
0.76016,-88.7
0.76018,-88.7
0.76020,-5.8
0.76022,-88.7
0.76024,-5.8
0.76026,-5.8
0.76028,-5.8
0.76030,-5.8
0.76032,-5.8
0.76034,-5.8
0.76036,-5.8
0.76038,-5.8
0.76040,-5.8
0.76042,-88.7
0.76044,-5.8
0.76046,-5.8
0.76048,-88.7
0.76050,-88.7
0.76052,-88.7
0.76054,-88.7
0.76056,-88.7
0.76058,-88.7
0.76060,-5.8
0.76062,-88.7
0.76064,-5.8
0.76066,-5.8
0.76068,-5.8
0.76070,-5.8
0.76072,-5.8
0.76074,-5.8
0.76076,-5.8
0.76078,-5.8
0.76080,-5.8
0.76082,-5.8
0.76084,-5.8
0.76086,-5.8
0.76088,-5.8
0.76090,-5.8
0.76092,-5.8
0.76094,-5.8
0.76096,-5.8
0.76098,-5.8
0.76100,-88.7
0.76102,-5.8
0.76104,-5.8
0.76106,-88.7
0.76108,-88.7
0.76110,-5.8
0.76112,-5.8
0.76114,-5.8
0.76116,-5.8
0.76118,-5.8
0.76120,21.8
0.76122,-5.8
0.76124,21.8
0.76126,-5.8
0.76128,-5.8
0.76130,-5.8
0.76132,-5.8
0.76134,-5.8
0.76136,-5.8
0.76138,-5.8
0.76140,-5.8
0.76142,-5.8
0.76144,-5.8
0.76146,-88.7
0.76148,-5.8
0.76150,-88.7
0.76152,-88.7
0.76154,-88.7
0.76156,-88.7
0.76158,-88.7
0.76160,-88.7
0.76162,-88.7
0.76164,-88.7
0.76166,-5.8
0.76168,-5.8
0.76170,-5.8
0.76172,-5.8
0.76174,-5.8
0.76176,-5.8
0.76178,-5.8
0.76180,-5.8
0.76182,-5.8
0.76184,-88.7
0.76186,-88.7
0.76188,-5.8
0.76190,-88.7
0.76192,-88.7
0.76194,-88.7
0.76196,-5.8
0.76198,-5.8
0.76200,-61.0
0.76202,-88.7
0.76204,-88.7
0.76206,-88.7
0.76208,-88.7
0.76210,-88.7
0.76212,-88.7
0.76214,-88.7
0.76216,-88.7
0.76218,-5.8
0.76220,-5.8
0.76222,-5.8
0.76224,-5.8
0.76226,-5.8
0.76228,-5.8
0.76230,-88.7
0.76232,-88.7
0.76234,-88.7
0.76236,-88.7
0.76238,-88.7
0.76240,-88.7
0.76242,-88.7
0.76244,-88.7
0.76246,-88.7
0.76248,-88.7
0.76250,-88.7
0.76252,-88.7
0.76254,-88.7
0.76256,-88.7
0.76258,-88.7
0.76260,-33.4
0.76262,-88.7
0.76264,-88.7
0.76266,-5.8
0.76268,-5.8
0.76270,-5.8
0.76272,-5.8
0.76274,-5.8
0.76276,-5.8
0.76278,-88.7
0.76280,-88.7
0.76282,-88.7
0.76284,-88.7
0.76286,-88.7
0.76288,-88.7
0.76290,-88.7
0.76292,-88.7
0.76294,-88.7
0.76296,-88.7
0.76298,-88.7
0.76300,-88.7
0.76302,-88.7
0.76304,-88.7
0.76306,-5.8
0.76308,-88.7
0.76310,-88.7
0.76312,-5.8
0.76314,-5.8
0.76316,-5.8
0.76318,-5.8
0.76320,21.8
0.76322,-5.8
0.76324,-33.4
0.76326,-5.8
0.76328,-5.8
0.76330,-5.8
0.76332,-88.7
0.76334,-88.7
0.76336,-88.7
0.76338,-88.7
0.76340,-88.7
0.76342,-88.7
0.76344,-88.7
0.76346,-88.7
0.76348,-88.7
0.76350,-88.7
0.76352,-88.7
0.76354,-88.7
0.76356,-88.7
0.76358,-88.7
0.76360,-88.7
0.76362,-5.8
0.76364,-5.8
0.76366,-5.8
0.76368,-5.8
0.76370,-5.8
0.76372,-5.8
0.76374,-5.8
0.76376,-5.8
0.76378,-88.7
0.76380,-88.7
0.76382,-88.7
0.76384,-88.7
0.76386,-61.0
0.76388,-88.7
0.76390,-88.7
0.76392,-88.7
0.76394,-88.7
0.76396,-88.7
0.76398,-88.7
0.76400,-5.8
0.76402,-5.8
0.76404,-5.8
0.76406,-5.8
0.76408,-5.8
0.76410,-5.8
0.76412,-5.8
0.76414,-5.8
0.76416,-5.8
0.76418,-5.8
0.76420,-5.8
0.76422,-5.8
0.76424,-88.7
0.76426,-5.8
0.76428,-88.7
0.76430,-88.7
0.76432,-88.7
0.76434,-88.7
0.76436,-88.7
0.76438,-88.7
0.76440,-88.7
0.76442,-88.7
0.76444,-61.0
0.76446,-5.8
0.76448,-5.8
0.76450,-5.8
0.76452,-5.8
0.76454,-5.8
0.76456,-5.8
0.76458,-5.8
0.76460,-5.8
0.76462,-5.8
0.76464,-5.8
0.76466,-88.7
0.76468,-88.7
0.76470,-88.7
0.76472,-88.7
0.76474,-88.7
0.76476,-88.7
0.76478,-88.7
0.76480,-88.7
0.76482,-88.7
0.76484,-88.7
0.76486,-88.7
0.76488,-88.7
0.76490,-88.7
0.76492,-88.7
0.76494,-88.7
0.76496,-88.7
0.76498,-88.7
0.76500,-5.8
0.76502,-5.8
0.76504,-5.8
0.76506,-5.8
0.76508,-5.8
0.76510,-5.8
0.76512,-5.8
0.76514,-5.8
0.76516,-5.8
0.76518,-88.7
0.76520,-5.8
0.76522,-88.7
0.76524,-88.7
0.76526,-88.7
0.76528,-88.7
0.76530,-88.7
0.76532,-5.8
0.76534,-88.7
0.76536,-5.8
0.76538,-5.8
0.76540,-5.8
0.76542,-5.8
0.76544,-5.8
0.76546,-5.8
0.76548,-5.8
0.76550,-5.8
0.76552,-5.8
0.76554,-5.8
0.76556,-5.8
0.76558,-5.8
0.76560,-5.8
0.76562,-5.8
0.76564,-5.8
0.76566,-5.8
0.76568,-5.8
0.76570,-88.7
0.76572,-88.7
0.76574,-88.7
0.76576,-88.7
0.76578,-88.7
0.76580,-88.7
0.76582,-88.7
0.76584,-5.8
0.76586,-5.8
0.76588,-5.8
0.76590,-5.8
0.76592,-5.8
0.76594,-5.8
0.76596,-5.8
0.76598,-5.8
0.76600,-5.8
0.76602,-5.8
0.76604,-5.8
0.76606,-5.8
0.76608,-5.8
0.76610,-5.8
0.76612,-5.8
0.76614,-5.8
0.76616,-5.8
0.76618,-88.7
0.76620,-5.8
0.76622,-61.0
0.76624,-88.7
0.76626,-88.7
0.76628,-88.7
0.76630,-88.7
0.76632,-88.7
0.76634,-88.7
0.76636,-88.7
0.76638,-88.7
0.76640,-5.8
0.76642,-5.8
0.76644,-5.8
0.76646,-5.8
0.76648,-5.8
0.76650,-5.8
0.76652,-5.8
0.76654,-5.8
0.76656,-88.7
0.76658,-88.7
0.76660,-88.7
0.76662,-5.8
0.76664,-5.8
0.76666,-5.8
0.76668,-5.8
0.76670,-88.7
0.76672,-88.7
0.76674,-5.8
0.76676,-88.7
0.76678,-88.7
0.76680,-88.7
0.76682,-88.7
0.76684,-61.0
0.76686,-88.7
0.76688,-88.7
0.76690,-5.8
0.76692,-5.8
0.76694,-5.8
0.76696,-5.8
0.76698,-5.8
0.76700,-5.8
0.76702,-88.7
0.76704,-88.7
0.76706,-88.7
0.76708,-88.7
0.76710,-88.7
0.76712,-88.7
0.76714,-88.7
0.76716,-88.7
0.76718,-88.7
0.76720,-88.7
0.76722,-88.7
0.76724,-88.7
0.76726,-88.7
0.76728,-88.7
0.76730,-88.7
0.76732,-88.7
0.76734,-5.8
0.76736,-88.7
0.76738,-5.8
0.76740,-5.8
0.76742,-5.8
0.76744,-33.4
0.76746,-5.8
0.76748,-5.8
0.76750,-5.8
0.76752,-5.8
0.76754,-5.8
0.76756,-88.7
0.76758,-88.7
0.76760,-88.7
0.76762,-88.7
0.76764,-88.7
0.76766,-88.7
0.76768,-88.7
0.76770,-88.7
0.76772,-88.7
0.76774,-88.7
0.76776,-5.8
0.76778,-88.7
0.76780,-5.8
0.76782,-5.8
0.76784,-5.8
0.76786,-5.8
0.76788,-5.8
0.76790,-5.8
0.76792,-5.8
0.76794,-5.8
0.76796,-5.8
0.76798,-88.7
0.76800,-5.8
0.76802,-5.8
0.76804,-5.8
0.76806,-5.8
0.76808,-5.8
0.76810,-61.0
0.76812,-88.7
0.76814,-88.7
0.76816,-88.7
0.76818,-88.7
0.76820,-88.7
0.76822,-88.7
0.76824,-88.7
0.76826,-5.8
0.76828,-5.8
0.76830,-5.8
0.76832,-5.8
0.76834,-5.8
0.76836,-5.8
0.76838,-5.8
0.76840,-5.8
0.76842,-5.8
0.76844,-88.7
0.76846,-88.7
0.76848,-88.7
0.76850,-88.7
0.76852,-88.7
0.76854,-5.8
0.76856,-88.7
0.76858,-88.7
0.76860,-5.8
0.76862,-5.8
0.76864,-5.8
0.76866,-5.8
0.76868,-88.7
0.76870,-61.0
0.76872,-88.7
0.76874,-88.7
0.76876,-5.8
0.76878,-5.8
0.76880,-5.8
0.76882,-5.8
0.76884,-5.8
0.76886,-5.8
0.76888,-5.8
0.76890,-5.8
0.76892,-5.8
0.76894,-5.8
0.76896,-88.7
0.76898,-88.7
0.76900,-88.7
0.76902,-88.7
0.76904,-88.7
0.76906,-88.7
0.76908,-88.7
0.76910,-5.8
0.76912,-5.8
0.76914,-5.8
0.76916,-5.8
0.76918,-5.8
0.76920,-88.7
0.76922,-5.8
0.76924,-5.8
0.76926,-5.8
0.76928,-61.0
0.76930,-88.7
0.76932,-88.7
0.76934,-88.7
0.76936,-5.8
0.76938,-5.8
0.76940,-5.8
0.76942,-5.8
0.76944,-5.8
0.76946,-88.7
0.76948,-88.7
0.76950,-88.7
0.76952,-88.7
0.76954,-88.7
0.76956,-88.7
0.76958,-88.7
0.76960,-88.7
0.76962,-88.7
0.76964,-88.7
0.76966,-88.7
0.76968,-5.8
0.76970,-5.8
0.76972,-5.8
0.76974,-5.8
0.76976,-5.8
0.76978,-5.8
0.76980,-88.7
0.76982,-88.7
0.76984,-88.7
0.76986,-61.0
0.76988,-88.7
0.76990,-88.7
0.76992,-88.7
0.76994,-88.7
0.76996,-88.7
0.76998,-88.7
0.77000,-88.7
0.77002,-88.7
0.77004,-5.8
0.77006,-88.7
0.77008,-88.7
0.77010,-88.7
0.77012,-88.7
0.77014,-88.7
0.77016,-88.7
0.77018,-5.8
0.77020,-5.8
0.77022,-5.8
0.77024,-5.8
0.77026,-5.8
0.77028,-5.8
0.77030,-5.8
0.77032,-5.8
0.77034,-5.8
0.77036,-88.7
0.77038,-88.7
0.77040,-88.7
0.77042,-88.7
0.77044,-88.7
0.77046,-88.7
0.77048,-61.0
0.77050,-88.7
0.77052,-88.7
0.77054,-88.7
0.77056,-88.7
0.77058,-88.7
0.77060,-88.7
0.77062,-88.7
0.77064,-88.7
0.77066,-88.7
0.77068,-5.8
0.77070,-5.8
0.77072,-5.8
0.77074,-5.8
0.77076,-5.8
0.77078,-5.8
0.77080,-5.8
0.77082,-5.8
0.77084,-5.8
0.77086,-88.7
0.77088,-88.7
0.77090,-88.7
0.77092,-88.7
0.77094,-88.7
0.77096,-88.7
0.77098,-88.7
0.77100,-5.8
0.77102,-5.8
0.77104,-5.8
0.77106,-5.8
0.77108,-33.4
0.77110,-5.8
0.77112,-5.8
0.77114,-5.8
0.77116,-5.8
0.77118,-5.8
0.77120,-5.8
0.77122,-88.7
0.77124,-88.7
0.77126,-88.7
0.77128,-5.8
0.77130,-5.8
0.77132,-5.8
0.77134,-5.8
0.77136,-5.8
0.77138,-5.8
0.77140,-5.8
0.77142,-5.8
0.77144,-5.8
0.77146,-88.7
0.77148,-5.8
0.77150,-88.7
0.77152,-88.7
0.77154,-5.8
0.77156,-5.8
0.77158,-5.8
0.77160,-5.8
0.77162,-5.8
0.77164,-5.8
0.77166,-5.8
0.77168,-5.8
0.77170,-5.8
0.77172,-5.8
0.77174,-88.7
0.77176,-88.7
0.77178,-88.7
0.77180,-5.8
0.77182,-88.7
0.77184,-5.8
0.77186,-5.8
0.77188,-88.7
0.77190,-5.8
0.77192,-88.7
0.77194,-5.8
0.77196,-5.8
0.77198,-5.8
0.77200,-88.7
0.77202,-5.8
0.77204,-5.8
0.77206,-5.8
0.77208,-5.8
0.77210,-5.8
0.77212,-5.8
0.77214,-5.8
0.77216,-5.8
0.77218,-5.8
0.77220,-5.8
0.77222,-5.8
0.77224,-5.8
0.77226,-61.0
0.77228,-5.8
0.77230,-5.8
0.77232,-5.8
0.77234,-5.8
0.77236,-5.8
0.77238,-88.7
0.77240,-88.7
0.77242,-88.7
0.77244,-88.7
0.77246,-88.7
0.77248,-5.8
0.77250,-5.8
0.77252,-5.8
0.77254,-5.8
0.77256,-5.8
0.77258,-5.8
0.77260,-5.8
0.77262,-5.8
0.77264,-5.8
0.77266,-5.8
0.77268,-5.8
0.77270,-5.8
0.77272,-5.8
0.77274,-5.8
0.77276,-5.8
0.77278,-88.7
0.77280,-88.7
0.77282,-5.8
0.77284,-88.7
0.77286,-33.4
0.77288,-5.8
0.77290,-5.8
0.77292,-5.8
0.77294,-5.8
0.77296,-5.8
0.77298,-5.8
0.77300,-5.8
0.77302,-5.8
0.77304,-5.8
0.77306,-5.8
0.77308,-5.8
0.77310,-5.8
0.77312,-5.8
0.77314,-5.8
0.77316,-5.8
0.77318,-5.8
0.77320,-5.8
0.77322,-5.8
0.77324,-5.8
0.77326,-5.8
0.77328,-5.8
0.77330,-5.8
0.77332,-5.8
0.77334,-5.8
0.77336,-5.8
0.77338,-5.8
0.77340,-5.8
0.77342,-5.8
0.77344,-5.8
0.77346,21.8
0.77348,21.8
0.77350,21.8
0.77352,21.8
0.77354,21.8
0.77356,21.8
0.77358,21.8
0.77360,21.8
0.77362,21.8
0.77364,21.8
0.77366,104.7
0.77368,104.7
0.77370,104.7
0.77372,132.3
0.77374,132.3
0.77376,215.2
0.77378,215.2
0.77380,215.2
0.77382,215.2
0.77384,242.8
0.77386,242.8
0.77388,325.7
0.77390,325.7
0.77392,325.7
0.77394,325.7
0.77396,353.3
0.77398,353.3
0.77400,436.2
0.77402,436.2
0.77404,463.8
0.77406,463.8
0.77408,463.8
0.77410,463.8
0.77412,546.6
0.77414,574.3
0.77416,574.3
0.77418,657.1
0.77420,657.1
0.77422,657.1
0.77424,657.1
0.77426,657.1
0.77428,657.1
0.77430,684.7
0.77432,684.7
0.77434,795.2
0.77436,878.1
0.77438,988.6
0.77440,1099.1
0.77442,1237.2
0.77444,1430.5
0.77446,1651.5
0.77448,1789.6
0.77450,2093.5
0.77452,2314.4
0.77454,2535.4
0.77456,2756.4
0.77458,3005.0
0.77460,3226.0
0.77462,3446.9
0.77464,3640.3
0.77466,3861.3
0.77468,3971.8
0.77470,4109.9
0.77472,4192.7
0.77474,4303.2
0.77476,4330.8
0.77478,4330.8
0.77480,4330.8
0.77482,4303.2
0.77484,4220.4
0.77486,4082.2
0.77488,3888.9
0.77490,3667.9
0.77492,3446.9
0.77494,3198.3
0.77496,2894.5
0.77498,2563.0
0.77500,2314.4
0.77502,2010.6
0.77504,1789.6
0.77506,1651.5
0.77508,1541.0
0.77510,1347.7
0.77512,1237.2
0.77514,1126.7
0.77516,988.6
0.77518,878.1
0.77520,767.6
0.77522,657.1
0.77524,574.3
0.77526,463.8
0.77528,353.3
0.77530,353.3
0.77532,325.7
0.77534,242.8
0.77536,242.8
0.77538,242.8
0.77540,242.8
0.77542,215.2
0.77544,215.2
0.77546,132.3
0.77548,104.7
0.77550,104.7
0.77552,104.7
0.77554,132.3
0.77556,132.3
0.77558,104.7
0.77560,104.7
0.77562,104.7
0.77564,21.8
0.77566,21.8
0.77568,104.7
0.77570,104.7
0.77572,104.7
0.77574,104.7
0.77576,104.7
0.77578,104.7
0.77580,21.8
0.77582,21.8
0.77584,21.8
0.77586,104.7
0.77588,104.7
0.77590,21.8
0.77592,21.8
0.77594,-5.8
0.77596,-88.7
0.77598,-116.3
0.77600,-116.3
0.77602,-226.8
0.77604,-309.6
0.77606,-337.3
0.77608,-420.1
0.77610,-530.6
0.77612,-668.7
0.77614,-668.7
0.77616,-668.7
0.77618,-751.6
0.77620,-779.2
0.77622,-751.6
0.77624,-668.7
0.77626,-779.2
0.77628,-834.5
0.77630,-779.2
0.77632,-862.1
0.77634,-972.6
0.77636,-1083.1
0.77638,-1083.1
0.77640,-1083.1
0.77642,-1110.7
0.77644,-1193.5
0.77646,-1193.5
0.77648,-1193.5
0.77650,-1221.2
0.77652,-1221.2
0.77654,-1304.0
0.77656,-1304.0
0.77658,-1304.0
0.77660,-1193.5
0.77662,-1193.5
0.77664,-1110.7
0.77666,-1110.7
0.77668,-1083.1
0.77670,-1000.2
0.77672,-1000.2
0.77674,-972.6
0.77676,-972.6
0.77678,-889.7
0.77680,-862.1
0.77682,-779.2
0.77684,-751.6
0.77686,-751.6
0.77688,-696.3
0.77690,-668.7
0.77692,-641.1
0.77694,-641.1
0.77696,-558.2
0.77698,-558.2
0.77700,-530.6
0.77702,-447.8
0.77704,-420.1
0.77706,-337.3
0.77708,-337.3
0.77710,-309.6
0.77712,-309.6
0.77714,-226.8
0.77716,-199.2
0.77718,-116.3
0.77720,-88.7
0.77722,-5.8
0.77724,21.8
0.77726,21.8
0.77728,21.8
0.77730,-5.8
0.77732,-5.8
0.77734,-88.7
0.77736,-199.2
0.77738,-199.2
0.77740,-199.2
0.77742,-226.8
0.77744,-199.2
0.77746,-171.5
0.77748,-88.7
0.77750,-88.7
0.77752,-5.8
0.77754,21.8
0.77756,21.8
0.77758,21.8
0.77760,-5.8
0.77762,-5.8
0.77764,-116.3
0.77766,-199.2
0.77768,-199.2
0.77770,-199.2
0.77772,-199.2
0.77774,-199.2
0.77776,-88.7
0.77778,-5.8
0.77780,-5.8
0.77782,21.8
0.77784,21.8
0.77786,-5.8
0.77788,-5.8
0.77790,-88.7
0.77792,-116.3
0.77794,-199.2
0.77796,-226.8
0.77798,-226.8
0.77800,-226.8
0.77802,-199.2
0.77804,-116.3
0.77806,-88.7
0.77808,-5.8
0.77810,21.8
0.77812,21.8
0.77814,21.8
0.77816,-5.8
0.77818,-5.8
0.77820,-88.7
0.77822,-88.7
0.77824,-88.7
0.77826,-88.7
0.77828,-88.7
0.77830,-88.7
0.77832,-88.7
0.77834,-88.7
0.77836,-5.8
0.77838,21.8
0.77840,21.8
0.77842,21.8
0.77844,21.8
0.77846,104.7
0.77848,104.7
0.77850,104.7
0.77852,104.7
0.77854,104.7
0.77856,132.3
0.77858,215.2
0.77860,242.8
0.77862,298.0
0.77864,325.7
0.77866,353.3
0.77868,353.3
0.77870,436.2
0.77872,436.2
0.77874,436.2
0.77876,463.8
0.77878,463.8
0.77880,463.8
0.77882,463.8
0.77884,463.8
0.77886,463.8
0.77888,546.6
0.77890,574.3
0.77892,574.3
0.77894,657.1
0.77896,684.7
0.77898,684.7
0.77900,684.7
0.77902,684.7
0.77904,684.7
0.77906,684.7
0.77908,684.7
0.77910,767.6
0.77912,767.6
0.77914,767.6
0.77916,767.6
0.77918,740.0
0.77920,767.6
0.77922,767.6
0.77924,767.6
0.77926,767.6
0.77928,795.2
0.77930,795.2
0.77932,795.2
0.77934,767.6
0.77936,767.6
0.77938,684.7
0.77940,684.7
0.77942,684.7
0.77944,657.1
0.77946,657.1
0.77948,574.3
0.77950,546.6
0.77952,463.8
0.77954,436.2
0.77956,325.7
0.77958,242.8
0.77960,242.8
0.77962,215.2
0.77964,132.3
0.77966,132.3
0.77968,132.3
0.77970,132.3
0.77972,132.3
0.77974,132.3
0.77976,132.3
0.77978,132.3
0.77980,132.3
0.77982,132.3
0.77984,132.3
0.77986,104.7
0.77988,21.8
0.77990,21.8
0.77992,-5.8
0.77994,-5.8
0.77996,-5.8
0.77998,-5.8
0.78000,-5.8
0.78002,-5.8
0.78004,-5.8
0.78006,-5.8
0.78008,-5.8
0.78010,-5.8
0.78012,-5.8
0.78014,-5.8
0.78016,-5.8
0.78018,-5.8
0.78020,-5.8
0.78022,-5.8
0.78024,-5.8
0.78026,-88.7
0.78028,-88.7
0.78030,-88.7
0.78032,-88.7
0.78034,-88.7
0.78036,-88.7
0.78038,-5.8
0.78040,-5.8
0.78042,-33.4
0.78044,-5.8
0.78046,-5.8
0.78048,-5.8
0.78050,-5.8
0.78052,-5.8
0.78054,-5.8
0.78056,-5.8
0.78058,-5.8
0.78060,-5.8
0.78062,-5.8
0.78064,-5.8
0.78066,-88.7
0.78068,-88.7
0.78070,-88.7
0.78072,-88.7
0.78074,-88.7
0.78076,-88.7
0.78078,-88.7
0.78080,-88.7
0.78082,-88.7
0.78084,-5.8
0.78086,-5.8
0.78088,-5.8
0.78090,-5.8
0.78092,-5.8
0.78094,-5.8
0.78096,-5.8
0.78098,-5.8
0.78100,-5.8
0.78102,-88.7
0.78104,-88.7
0.78106,-88.7
0.78108,-88.7
0.78110,-88.7
0.78112,-88.7
0.78114,-88.7
0.78116,-61.0
0.78118,-88.7
0.78120,-88.7
0.78122,-88.7
0.78124,-88.7
0.78126,-88.7
0.78128,-116.3
0.78130,-199.2
0.78132,-226.8
0.78134,-226.8
0.78136,-226.8
0.78138,-226.8
0.78140,-226.8
0.78142,-226.8
0.78144,-199.2
0.78146,-199.2
0.78148,-226.8
0.78150,-199.2
0.78152,-226.8
0.78154,-226.8
0.78156,-226.8
0.78158,-309.6
0.78160,-337.3
0.78162,-420.1
0.78164,-420.1
0.78166,-447.8
0.78168,-447.8
0.78170,-447.8
0.78172,-503.0
0.78174,-530.6
0.78176,-530.6
0.78178,-558.2
0.78180,-641.1
0.78182,-641.1
0.78184,-641.1
0.78186,-641.1
0.78188,-641.1
0.78190,-641.1
0.78192,-641.1
0.78194,-641.1
0.78196,-558.2
0.78198,-558.2
0.78200,-558.2
0.78202,-558.2
0.78204,-558.2
0.78206,-558.2
0.78208,-558.2
0.78210,-558.2
0.78212,-558.2
0.78214,-558.2
0.78216,-558.2
0.78218,-558.2
0.78220,-530.6
0.78222,-530.6
0.78224,-530.6
0.78226,-503.0
0.78228,-447.8
0.78230,-420.1
0.78232,-420.1
0.78234,-420.1
0.78236,-337.3
0.78238,-337.3
0.78240,-309.6
0.78242,-226.8
0.78244,-199.2
0.78246,-199.2
0.78248,-116.3
0.78250,-88.7
0.78252,-88.7
0.78254,-88.7
0.78256,-5.8
0.78258,-5.8
0.78260,21.8
0.78262,21.8
0.78264,21.8
0.78266,21.8
0.78268,21.8
0.78270,104.7
0.78272,104.7
0.78274,132.3
0.78276,132.3
0.78278,215.2
0.78280,215.2
0.78282,215.2
0.78284,242.8
0.78286,325.7
0.78288,298.0
0.78290,325.7
0.78292,325.7
0.78294,353.3
0.78296,353.3
0.78298,353.3
0.78300,353.3
0.78302,353.3
0.78304,325.7
0.78306,325.7
0.78308,353.3
0.78310,325.7
0.78312,325.7
0.78314,353.3
0.78316,353.3
0.78318,353.3
0.78320,353.3
0.78322,353.3
0.78324,353.3
0.78326,353.3
0.78328,353.3
0.78330,353.3
0.78332,353.3
0.78334,325.7
0.78336,325.7
0.78338,325.7
0.78340,325.7
0.78342,325.7
0.78344,325.7
0.78346,325.7
0.78348,325.7
0.78350,325.7
0.78352,325.7
0.78354,325.7
0.78356,242.8
0.78358,242.8
0.78360,215.2
0.78362,132.3
0.78364,132.3
0.78366,104.7
0.78368,104.7
0.78370,21.8
0.78372,21.8
0.78374,21.8
0.78376,-5.8
0.78378,-5.8
0.78380,-5.8
0.78382,-5.8
0.78384,-5.8
0.78386,-5.8
0.78388,-5.8
0.78390,-5.8
0.78392,-88.7
0.78394,-88.7
0.78396,-88.7
